2700

1 1 -2.998251 0.102423 0.0
2 1 -2.998251 -0.051212 0.088701
3 1 -2.998251 -0.051212 -0.088701
4 1 -2.984272 0.306792 0.0
5 1 -2.984272 0.235017 0.197202
6 1 -2.984272 0.053274 0.302132
7 1 -2.984272 -0.153396 0.26569
8 1 -2.984272 -0.288291 0.104929
9 1 -2.984272 -0.288291 -0.104929
10 1 -2.984272 -0.153396 -0.26569
11 1 -2.984272 0.053274 -0.302132
12 1 -2.984272 0.235017 -0.197202
13 1 -2.956379 0.509731 0.0
14 1 -2.956379 0.47093 0.195066
15 1 -2.956379 0.360434 0.360434
16 1 -2.956379 0.195066 0.47093
17 1 -2.956379 0.0 0.509731
18 1 -2.956379 -0.195066 0.47093
19 1 -2.956379 -0.360434 0.360434
20 1 -2.956379 -0.47093 0.195066
21 1 -2.956379 -0.509731 0.0
22 1 -2.956379 -0.47093 -0.195066
23 1 -2.956379 -0.360434 -0.360434
24 1 -2.956379 -0.195066 -0.47093
25 1 -2.956379 -0.0 -0.509731
26 1 -2.956379 0.195066 -0.47093
27 1 -2.956379 0.360434 -0.360434
28 1 -2.956379 0.47093 -0.195066
29 1 -2.914701 0.710293 0.0
30 1 -2.914701 0.681521 0.200113
31 1 -2.914701 0.597537 0.384014
32 1 -2.914701 0.465143 0.536804
33 1 -2.914701 0.295066 0.646105
34 1 -2.914701 0.101085 0.703064
35 1 -2.914701 -0.101085 0.703064
36 1 -2.914701 -0.295066 0.646105
37 1 -2.914701 -0.465143 0.536804
38 1 -2.914701 -0.597537 0.384014
39 1 -2.914701 -0.681521 0.200113
40 1 -2.914701 -0.710293 0.0
41 1 -2.914701 -0.681521 -0.200113
42 1 -2.914701 -0.597537 -0.384014
43 1 -2.914701 -0.465143 -0.536804
44 1 -2.914701 -0.295066 -0.646105
45 1 -2.914701 -0.101085 -0.703064
46 1 -2.914701 0.101085 -0.703064
47 1 -2.914701 0.295066 -0.646105
48 1 -2.914701 0.465143 -0.536804
49 1 -2.914701 0.597537 -0.384014
50 1 -2.914701 0.681521 -0.200113
51 1 -2.859434 0.907544 0.0
52 1 -2.859434 0.88479 0.201947
53 1 -2.859434 0.817669 0.393768
54 1 -2.859434 0.709546 0.565844
55 1 -2.859434 0.565844 0.709546
56 1 -2.859434 0.393768 0.817669
57 1 -2.859434 0.201947 0.88479
58 1 -2.859434 0.0 0.907544
59 1 -2.859434 -0.201947 0.88479
60 1 -2.859434 -0.393768 0.817669
61 1 -2.859434 -0.565844 0.709546
62 1 -2.859434 -0.709546 0.565844
63 1 -2.859434 -0.817669 0.393768
64 1 -2.859434 -0.88479 0.201947
65 1 -2.859434 -0.907544 0.0
66 1 -2.859434 -0.88479 -0.201947
67 1 -2.859434 -0.817669 -0.393768
68 1 -2.859434 -0.709546 -0.565844
69 1 -2.859434 -0.565844 -0.709546
70 1 -2.859434 -0.393768 -0.817669
71 1 -2.859434 -0.201947 -0.88479
72 1 -2.859434 -0.0 -0.907544
73 1 -2.859434 0.201947 -0.88479
74 1 -2.859434 0.393768 -0.817669
75 1 -2.859434 0.565844 -0.709546
76 1 -2.859434 0.709546 -0.565844
77 1 -2.859434 0.817669 -0.393768
78 1 -2.859434 0.88479 -0.201947
79 1 -2.790835 1.100563 0.0
80 1 -2.790835 1.081823 0.202228
81 1 -2.790835 1.026244 0.397569
82 1 -2.790835 0.935717 0.579372
83 1 -2.790835 0.813326 0.741444
84 1 -2.790835 0.663237 0.878268
85 1 -2.790835 0.490563 0.985183
86 1 -2.790835 0.301183 1.058549
87 1 -2.790835 0.101547 1.095868
88 1 -2.790835 -0.101547 1.095868
89 1 -2.790835 -0.301183 1.058549
90 1 -2.790835 -0.490563 0.985183
91 1 -2.790835 -0.663237 0.878268
92 1 -2.790835 -0.813326 0.741444
93 1 -2.790835 -0.935717 0.579372
94 1 -2.790835 -1.026244 0.397569
95 1 -2.790835 -1.081823 0.202228
96 1 -2.790835 -1.100563 0.0
97 1 -2.790835 -1.081823 -0.202228
98 1 -2.790835 -1.026244 -0.397569
99 1 -2.790835 -0.935717 -0.579372
100 1 -2.790835 -0.813326 -0.741444
101 1 -2.790835 -0.663237 -0.878268
102 1 -2.790835 -0.490563 -0.985183
103 1 -2.790835 -0.301183 -1.058549
104 1 -2.790835 -0.101547 -1.095868
105 1 -2.790835 0.101547 -1.095868
106 1 -2.790835 0.301183 -1.058549
107 1 -2.790835 0.490563 -0.985183
108 1 -2.790835 0.663237 -0.878268
109 1 -2.790835 0.813326 -0.741444
110 1 -2.790835 0.935717 -0.579372
111 1 -2.790835 1.026244 -0.397569
112 1 -2.790835 1.081823 -0.202228
113 1 -2.709224 1.28845 0.0
114 1 -2.709224 1.272587 0.201558
115 1 -2.709224 1.225389 0.398153
116 1 -2.709224 1.148018 0.584944
117 1 -2.709224 1.042378 0.757332
118 1 -2.709224 0.911072 0.911072
119 1 -2.709224 0.757332 1.042378
120 1 -2.709224 0.584944 1.148018
121 1 -2.709224 0.398153 1.225389
122 1 -2.709224 0.201558 1.272587
123 1 -2.709224 0.0 1.28845
124 1 -2.709224 -0.201558 1.272587
125 1 -2.709224 -0.398153 1.225389
126 1 -2.709224 -0.584944 1.148018
127 1 -2.709224 -0.757332 1.042378
128 1 -2.709224 -0.911072 0.911072
129 1 -2.709224 -1.042378 0.757332
130 1 -2.709224 -1.148018 0.584944
131 1 -2.709224 -1.225389 0.398153
132 1 -2.709224 -1.272587 0.201558
133 1 -2.709224 -1.28845 0.0
134 1 -2.709224 -1.272587 -0.201558
135 1 -2.709224 -1.225389 -0.398153
136 1 -2.709224 -1.148018 -0.584944
137 1 -2.709224 -1.042378 -0.757332
138 1 -2.709224 -0.911072 -0.911072
139 1 -2.709224 -0.757332 -1.042378
140 1 -2.709224 -0.584944 -1.148018
141 1 -2.709224 -0.398153 -1.225389
142 1 -2.709224 -0.201558 -1.272587
143 1 -2.709224 -0.0 -1.28845
144 1 -2.709224 0.201558 -1.272587
145 1 -2.709224 0.398153 -1.225389
146 1 -2.709224 0.584944 -1.148018
147 1 -2.709224 0.757332 -1.042378
148 1 -2.709224 0.911072 -0.911072
149 1 -2.709224 1.042378 -0.757332
150 1 -2.709224 1.148018 -0.584944
151 1 -2.709224 1.225389 -0.398153
152 1 -2.709224 1.272587 -0.201558
153 1 -2.614981 1.470331 0.0
154 1 -2.614981 1.456021 0.20463
155 1 -2.614981 1.413373 0.405278
156 1 -2.614981 1.343214 0.598037
157 1 -2.614981 1.246911 0.779157
158 1 -2.614981 1.126339 0.94511
159 1 -2.614981 0.983843 1.092669
160 1 -2.614981 0.822198 1.218959
161 1 -2.614981 0.644551 1.321524
162 1 -2.614981 0.454357 1.398368
163 1 -2.614981 0.25532 1.447993
164 1 -2.614981 0.051314 1.469435
165 1 -2.614981 -0.153691 1.462276
166 1 -2.614981 -0.355705 1.426656
167 1 -2.614981 -0.550796 1.363267
168 1 -2.614981 -0.735165 1.273344
169 1 -2.614981 -0.905226 1.158636
170 1 -2.614981 -1.057667 1.021377
171 1 -2.614981 -1.189522 0.864239
172 1 -2.614981 -1.298225 0.690278
173 1 -2.614981 -1.381659 0.502883
174 1 -2.614981 -1.4382 0.305699
175 1 -2.614981 -1.466749 0.102565
176 1 -2.614981 -1.466749 -0.102565
177 1 -2.614981 -1.4382 -0.305699
178 1 -2.614981 -1.381659 -0.502883
179 1 -2.614981 -1.298225 -0.690278
180 1 -2.614981 -1.189522 -0.864239
181 1 -2.614981 -1.057667 -1.021377
182 1 -2.614981 -0.905226 -1.158636
183 1 -2.614981 -0.735165 -1.273344
184 1 -2.614981 -0.550796 -1.363267
185 1 -2.614981 -0.355705 -1.426656
186 1 -2.614981 -0.153691 -1.462276
187 1 -2.614981 0.051314 -1.469435
188 1 -2.614981 0.25532 -1.447993
189 1 -2.614981 0.454357 -1.398368
190 1 -2.614981 0.644551 -1.321524
191 1 -2.614981 0.822198 -1.218959
192 1 -2.614981 0.983843 -1.092669
193 1 -2.614981 1.126339 -0.94511
194 1 -2.614981 1.246911 -0.779157
195 1 -2.614981 1.343214 -0.598037
196 1 -2.614981 1.413373 -0.405278
197 1 -2.614981 1.456021 -0.20463
198 1 -2.508546 1.645356 0.0
199 1 -2.508546 1.632885 0.202195
200 1 -2.508546 1.595661 0.401325
201 1 -2.508546 1.534248 0.594371
202 1 -2.508546 1.449578 0.778407
203 1 -2.508546 1.342934 0.950643
204 1 -2.508546 1.215932 1.108469
205 1 -2.508546 1.070498 1.249491
206 1 -2.508546 0.908837 1.371572
207 1 -2.508546 0.733398 1.472862
208 1 -2.508546 0.546842 1.551824
209 1 -2.508546 0.351996 1.607263
210 1 -2.508546 0.151814 1.638337
211 1 -2.508546 -0.050669 1.644575
212 1 -2.508546 -0.252384 1.625884
213 1 -2.508546 -0.450273 1.582545
214 1 -2.508546 -0.641336 1.515217
215 1 -2.508546 -0.822678 1.42492
216 1 -2.508546 -0.991548 1.313022
217 1 -2.508546 -1.145388 1.18122
218 1 -2.508546 -1.281865 1.031513
219 1 -2.508546 -1.39891 0.866168
220 1 -2.508546 -1.494748 0.687693
221 1 -2.508546 -1.567928 0.498794
222 1 -2.508546 -1.61734 0.302333
223 1 -2.508546 -1.642235 0.10129
224 1 -2.508546 -1.642235 -0.10129
225 1 -2.508546 -1.61734 -0.302333
226 1 -2.508546 -1.567928 -0.498794
227 1 -2.508546 -1.494748 -0.687693
228 1 -2.508546 -1.39891 -0.866168
229 1 -2.508546 -1.281865 -1.031513
230 1 -2.508546 -1.145388 -1.18122
231 1 -2.508546 -0.991548 -1.313022
232 1 -2.508546 -0.822678 -1.42492
233 1 -2.508546 -0.641336 -1.515217
234 1 -2.508546 -0.450273 -1.582545
235 1 -2.508546 -0.252384 -1.625884
236 1 -2.508546 -0.050669 -1.644575
237 1 -2.508546 0.151814 -1.638337
238 1 -2.508546 0.351996 -1.607263
239 1 -2.508546 0.546842 -1.551824
240 1 -2.508546 0.733398 -1.472862
241 1 -2.508546 0.908837 -1.371572
242 1 -2.508546 1.070498 -1.249491
243 1 -2.508546 1.215932 -1.108469
244 1 -2.508546 1.342934 -0.950643
245 1 -2.508546 1.449578 -0.778407
246 1 -2.508546 1.534248 -0.594371
247 1 -2.508546 1.595661 -0.401325
248 1 -2.508546 1.632885 -0.202195
249 1 -2.390415 1.812709 0.0
250 1 -2.390415 1.801311 0.202959
251 1 -2.390415 1.767261 0.403366
252 1 -2.390415 1.710986 0.5987
253 1 -2.390415 1.633195 0.786505
254 1 -2.390415 1.534865 0.964419
255 1 -2.390415 1.417233 1.130206
256 1 -2.390415 1.281779 1.281779
257 1 -2.390415 1.130206 1.417233
258 1 -2.390415 0.964419 1.534865
259 1 -2.390415 0.786505 1.633195
260 1 -2.390415 0.5987 1.710986
261 1 -2.390415 0.403366 1.767261
262 1 -2.390415 0.202959 1.801311
263 1 -2.390415 0.0 1.812709
264 1 -2.390415 -0.202959 1.801311
265 1 -2.390415 -0.403366 1.767261
266 1 -2.390415 -0.5987 1.710986
267 1 -2.390415 -0.786505 1.633195
268 1 -2.390415 -0.964419 1.534865
269 1 -2.390415 -1.130206 1.417233
270 1 -2.390415 -1.281779 1.281779
271 1 -2.390415 -1.417233 1.130206
272 1 -2.390415 -1.534865 0.964419
273 1 -2.390415 -1.633195 0.786505
274 1 -2.390415 -1.710986 0.5987
275 1 -2.390415 -1.767261 0.403366
276 1 -2.390415 -1.801311 0.202959
277 1 -2.390415 -1.812709 0.0
278 1 -2.390415 -1.801311 -0.202959
279 1 -2.390415 -1.767261 -0.403366
280 1 -2.390415 -1.710986 -0.5987
281 1 -2.390415 -1.633195 -0.786505
282 1 -2.390415 -1.534865 -0.964419
283 1 -2.390415 -1.417233 -1.130206
284 1 -2.390415 -1.281779 -1.281779
285 1 -2.390415 -1.130206 -1.417233
286 1 -2.390415 -0.964419 -1.534865
287 1 -2.390415 -0.786505 -1.633195
288 1 -2.390415 -0.5987 -1.710986
289 1 -2.390415 -0.403366 -1.767261
290 1 -2.390415 -0.202959 -1.801311
291 1 -2.390415 -0.0 -1.812709
292 1 -2.390415 0.202959 -1.801311
293 1 -2.390415 0.403366 -1.767261
294 1 -2.390415 0.5987 -1.710986
295 1 -2.390415 0.786505 -1.633195
296 1 -2.390415 0.964419 -1.534865
297 1 -2.390415 1.130206 -1.417233
298 1 -2.390415 1.281779 -1.281779
299 1 -2.390415 1.417233 -1.130206
300 1 -2.390415 1.534865 -0.964419
301 1 -2.390415 1.633195 -0.786505
302 1 -2.390415 1.710986 -0.5987
303 1 -2.390415 1.767261 -0.403366
304 1 -2.390415 1.801311 -0.202959
305 1 -2.261139 1.971611 0.0
306 1 -2.261139 1.961161 0.202723
307 1 -2.261139 1.929923 0.403297
308 1 -2.261139 1.878226 0.599596
309 1 -2.261139 1.806621 0.789539
310 1 -2.261139 1.715864 0.971113
311 1 -2.261139 1.606919 1.142393
312 1 -2.261139 1.48094 1.301563
313 1 -2.261139 1.339263 1.446936
314 1 -2.261139 1.183389 1.576972
315 1 -2.261139 1.014971 1.690291
316 1 -2.261139 0.835794 1.785693
317 1 -2.261139 0.647758 1.862165
318 1 -2.261139 0.452855 1.918899
319 1 -2.261139 0.253152 1.955291
320 1 -2.261139 0.050765 1.970957
321 1 -2.261139 -0.15216 1.965731
322 1 -2.261139 -0.353472 1.939667
323 1 -2.261139 -0.551037 1.893042
324 1 -2.261139 -0.742761 1.826351
325 1 -2.261139 -0.926611 1.740299
326 1 -2.261139 -1.100639 1.6358
327 1 -2.261139 -1.263001 1.513962
328 1 -2.261139 -1.411974 1.376074
329 1 -2.261139 -1.545979 1.223601
330 1 -2.261139 -1.663597 1.058156
331 1 -2.261139 -1.763581 0.881495
332 1 -2.261139 -1.84487 0.69549
333 1 -2.261139 -1.906603 0.502112
334 1 -2.261139 -1.948125 0.303412
335 1 -2.261139 -1.968997 0.101496
336 1 -2.261139 -1.968997 -0.101496
337 1 -2.261139 -1.948125 -0.303412
338 1 -2.261139 -1.906603 -0.502112
339 1 -2.261139 -1.84487 -0.69549
340 1 -2.261139 -1.763581 -0.881495
341 1 -2.261139 -1.663597 -1.058156
342 1 -2.261139 -1.545979 -1.223601
343 1 -2.261139 -1.411974 -1.376074
344 1 -2.261139 -1.263001 -1.513962
345 1 -2.261139 -1.100639 -1.6358
346 1 -2.261139 -0.926611 -1.740299
347 1 -2.261139 -0.742761 -1.826351
348 1 -2.261139 -0.551037 -1.893042
349 1 -2.261139 -0.353472 -1.939667
350 1 -2.261139 -0.15216 -1.965731
351 1 -2.261139 0.050765 -1.970957
352 1 -2.261139 0.253152 -1.955291
353 1 -2.261139 0.452855 -1.918899
354 1 -2.261139 0.647758 -1.862165
355 1 -2.261139 0.835794 -1.785693
356 1 -2.261139 1.014971 -1.690291
357 1 -2.261139 1.183389 -1.576972
358 1 -2.261139 1.339263 -1.446936
359 1 -2.261139 1.48094 -1.301563
360 1 -2.261139 1.606919 -1.142393
361 1 -2.261139 1.715864 -0.971113
362 1 -2.261139 1.806621 -0.789539
363 1 -2.261139 1.878226 -0.599596
364 1 -2.261139 1.929923 -0.403297
365 1 -2.261139 1.961161 -0.202723
366 1 -2.12132 2.12132 0.0
367 1 -2.12132 2.111417 0.204737
368 1 -2.12132 2.0818 0.407562
369 1 -2.12132 2.032746 0.606582
370 1 -2.12132 1.964713 0.799939
371 1 -2.12132 1.878336 0.985827
372 1 -2.12132 1.774421 1.16251
373 1 -2.12132 1.653939 1.328339
374 1 -2.12132 1.518015 1.481766
375 1 -2.12132 1.367917 1.621358
376 1 -2.12132 1.205047 1.745812
377 1 -2.12132 1.030927 1.853966
378 1 -2.12132 0.84718 1.94481
379 1 -2.12132 0.655524 2.017496
380 1 -2.12132 0.457747 2.071344
381 1 -2.12132 0.255697 2.105854
382 1 -2.12132 0.051259 2.120701
383 1 -2.12132 -0.153657 2.115748
384 1 -2.12132 -0.357139 2.091041
385 1 -2.12132 -0.557287 2.04681
386 1 -2.12132 -0.752231 1.983469
387 1 -2.12132 -0.940151 1.901609
388 1 -2.12132 -1.119294 1.801994
389 1 -2.12132 -1.287986 1.685554
390 1 -2.12132 -1.444653 1.553376
391 1 -2.12132 -1.587831 1.406696
392 1 -2.12132 -1.716184 1.246881
393 1 -2.12132 -1.828514 1.075424
394 1 -2.12132 -1.923771 0.893927
395 1 -2.12132 -2.001067 0.704083
396 1 -2.12132 -2.059679 0.507665
397 1 -2.12132 -2.09906 0.306508
398 1 -2.12132 -2.118843 0.102488
399 1 -2.12132 -2.118843 -0.102488
400 1 -2.12132 -2.09906 -0.306508
401 1 -2.12132 -2.059679 -0.507665
402 1 -2.12132 -2.001067 -0.704083
403 1 -2.12132 -1.923771 -0.893927
404 1 -2.12132 -1.828514 -1.075424
405 1 -2.12132 -1.716184 -1.246881
406 1 -2.12132 -1.587831 -1.406696
407 1 -2.12132 -1.444653 -1.553376
408 1 -2.12132 -1.287986 -1.685554
409 1 -2.12132 -1.119294 -1.801994
410 1 -2.12132 -0.940151 -1.901609
411 1 -2.12132 -0.752231 -1.983469
412 1 -2.12132 -0.557287 -2.04681
413 1 -2.12132 -0.357139 -2.091041
414 1 -2.12132 -0.153657 -2.115748
415 1 -2.12132 0.051259 -2.120701
416 1 -2.12132 0.255697 -2.105854
417 1 -2.12132 0.457747 -2.071344
418 1 -2.12132 0.655524 -2.017496
419 1 -2.12132 0.84718 -1.94481
420 1 -2.12132 1.030927 -1.853966
421 1 -2.12132 1.205047 -1.745812
422 1 -2.12132 1.367917 -1.621358
423 1 -2.12132 1.518015 -1.481766
424 1 -2.12132 1.653939 -1.328339
425 1 -2.12132 1.774421 -1.16251
426 1 -2.12132 1.878336 -0.985827
427 1 -2.12132 1.964713 -0.799939
428 1 -2.12132 2.032746 -0.606582
429 1 -2.12132 2.0818 -0.407562
430 1 -2.12132 2.111417 -0.204737
431 1 -1.971611 2.261139 0.0
432 1 -1.971611 2.251771 0.205616
433 1 -1.971611 2.223744 0.409529
434 1 -1.971611 2.17729 0.610048
435 1 -1.971611 2.112794 0.805512
436 1 -1.971611 2.030792 0.994301
437 1 -1.971611 1.931961 1.174852
438 1 -1.971611 1.817122 1.345667
439 1 -1.971611 1.687225 1.505331
440 1 -1.971611 1.543348 1.652522
441 1 -1.971611 1.386681 1.786019
442 1 -1.971611 1.218525 1.904717
443 1 -1.971611 1.040271 2.007632
444 1 -1.971611 0.853397 2.093911
445 1 -1.971611 0.659452 2.162839
446 1 -1.971611 0.460042 2.213845
447 1 -1.971611 0.256821 2.246507
448 1 -1.971611 0.051471 2.260553
449 1 -1.971611 -0.154306 2.255868
450 1 -1.971611 -0.358803 2.23249
451 1 -1.971611 -0.560328 2.190612
452 1 -1.971611 -0.757209 2.130583
453 1 -1.971611 -0.947816 2.052899
454 1 -1.971611 -1.13057 1.958204
455 1 -1.971611 -1.303954 1.847283
456 1 -1.971611 -1.466534 1.721054
457 1 -1.971611 -1.616962 1.580564
458 1 -1.971611 -1.753991 1.426978
459 1 -1.971611 -1.876486 1.261566
460 1 -1.971611 -1.983432 1.085702
461 1 -1.971611 -2.073942 0.90084
462 1 -1.971611 -2.147267 0.708514
463 1 -1.971611 -2.2028 0.510317
464 1 -1.971611 -2.240079 0.307892
465 1 -1.971611 -2.258796 0.102915
466 1 -1.971611 -2.258796 -0.102915
467 1 -1.971611 -2.240079 -0.307892
468 1 -1.971611 -2.2028 -0.510317
469 1 -1.971611 -2.147267 -0.708514
470 1 -1.971611 -2.073942 -0.90084
471 1 -1.971611 -1.983432 -1.085702
472 1 -1.971611 -1.876486 -1.261566
473 1 -1.971611 -1.753991 -1.426978
474 1 -1.971611 -1.616962 -1.580564
475 1 -1.971611 -1.466534 -1.721054
476 1 -1.971611 -1.303954 -1.847283
477 1 -1.971611 -1.13057 -1.958204
478 1 -1.971611 -0.947816 -2.052899
479 1 -1.971611 -0.757209 -2.130583
480 1 -1.971611 -0.560328 -2.190612
481 1 -1.971611 -0.358803 -2.23249
482 1 -1.971611 -0.154306 -2.255868
483 1 -1.971611 0.051471 -2.260553
484 1 -1.971611 0.256821 -2.246507
485 1 -1.971611 0.460042 -2.213845
486 1 -1.971611 0.659452 -2.162839
487 1 -1.971611 0.853397 -2.093911
488 1 -1.971611 1.040271 -2.007632
489 1 -1.971611 1.218525 -1.904717
490 1 -1.971611 1.386681 -1.786019
491 1 -1.971611 1.543348 -1.652522
492 1 -1.971611 1.687225 -1.505331
493 1 -1.971611 1.817122 -1.345667
494 1 -1.971611 1.931961 -1.174852
495 1 -1.971611 2.030792 -0.994301
496 1 -1.971611 2.112794 -0.805512
497 1 -1.971611 2.17729 -0.610048
498 1 -1.971611 2.223744 -0.409529
499 1 -1.971611 2.251771 -0.205616
500 1 -1.812709 2.390415 0.0
501 1 -1.812709 2.381566 0.205492
502 1 -1.812709 2.355085 0.409462
503 1 -1.812709 2.311168 0.6104
504 1 -1.812709 2.250139 0.80682
505 1 -1.812709 2.172452 0.997266
506 1 -1.812709 2.07868 1.180329
507 1 -1.812709 1.969518 1.354653
508 1 -1.812709 1.845775 1.518947
509 1 -1.812709 1.708366 1.671996
510 1 -1.812709 1.558309 1.812666
511 1 -1.812709 1.396715 1.939915
512 1 -1.812709 1.22478 2.052803
513 1 -1.812709 1.043778 2.150491
514 1 -1.812709 0.855047 2.232259
515 1 -1.812709 0.659986 2.297499
516 1 -1.812709 0.460039 2.34573
517 1 -1.812709 0.256686 2.376594
518 1 -1.812709 0.051432 2.389862
519 1 -1.812709 -0.154202 2.385436
520 1 -1.812709 -0.358695 2.36335
521 1 -1.812709 -0.560532 2.323766
522 1 -1.812709 -0.758219 2.266978
523 1 -1.812709 -0.950292 2.193406
524 1 -1.812709 -1.13533 2.103595
525 1 -1.812709 -1.311963 1.998209
526 1 -1.812709 -1.478882 1.878029
527 1 -1.812709 -1.634851 1.743946
528 1 -1.812709 -1.778717 1.59695
529 1 -1.812709 -1.909414 1.438131
530 1 -1.812709 -2.025975 1.268665
531 1 -1.812709 -2.127536 1.089806
532 1 -1.812709 -2.213345 0.902879
533 1 -1.812709 -2.282767 0.709267
534 1 -1.812709 -2.335289 0.510404
535 1 -1.812709 -2.370521 0.307762
536 1 -1.812709 -2.388202 0.102841
537 1 -1.812709 -2.388202 -0.102841
538 1 -1.812709 -2.370521 -0.307762
539 1 -1.812709 -2.335289 -0.510404
540 1 -1.812709 -2.282767 -0.709267
541 1 -1.812709 -2.213345 -0.902879
542 1 -1.812709 -2.127536 -1.089806
543 1 -1.812709 -2.025975 -1.268665
544 1 -1.812709 -1.909414 -1.438131
545 1 -1.812709 -1.778717 -1.59695
546 1 -1.812709 -1.634851 -1.743946
547 1 -1.812709 -1.478882 -1.878029
548 1 -1.812709 -1.311963 -1.998209
549 1 -1.812709 -1.13533 -2.103595
550 1 -1.812709 -0.950292 -2.193406
551 1 -1.812709 -0.758219 -2.266978
552 1 -1.812709 -0.560532 -2.323766
553 1 -1.812709 -0.358695 -2.36335
554 1 -1.812709 -0.154202 -2.385436
555 1 -1.812709 0.051432 -2.389862
556 1 -1.812709 0.256686 -2.376594
557 1 -1.812709 0.460039 -2.34573
558 1 -1.812709 0.659986 -2.297499
559 1 -1.812709 0.855047 -2.232259
560 1 -1.812709 1.043778 -2.150491
561 1 -1.812709 1.22478 -2.052803
562 1 -1.812709 1.396715 -1.939915
563 1 -1.812709 1.558309 -1.812666
564 1 -1.812709 1.708366 -1.671996
565 1 -1.812709 1.845775 -1.518947
566 1 -1.812709 1.969518 -1.354653
567 1 -1.812709 2.07868 -1.180329
568 1 -1.812709 2.172452 -0.997266
569 1 -1.812709 2.250139 -0.80682
570 1 -1.812709 2.311168 -0.6104
571 1 -1.812709 2.355085 -0.409462
572 1 -1.812709 2.381566 -0.205492
573 1 -1.645356 2.508546 0.0
574 1 -1.645356 2.500199 0.20447
575 1 -1.645356 2.475214 0.407579
576 1 -1.645356 2.433756 0.607976
577 1 -1.645356 2.376103 0.804326
578 1 -1.645356 2.302636 0.995325
579 1 -1.645356 2.213846 1.179699
580 1 -1.645356 2.110323 1.356223
581 1 -1.645356 1.992757 1.523721
582 1 -1.645356 1.861929 1.681079
583 1 -1.645356 1.71871 1.82725
584 1 -1.645356 1.564053 1.961261
585 1 -1.645356 1.398988 2.082219
586 1 -1.645356 1.224613 2.189322
587 1 -1.645356 1.042088 2.281854
588 1 -1.645356 0.852628 2.359201
589 1 -1.645356 0.657494 2.420848
590 1 -1.645356 0.457985 2.466385
591 1 -1.645356 0.255428 2.495508
592 1 -1.645356 0.051171 2.508024
593 1 -1.645356 -0.153427 2.50385
594 1 -1.645356 -0.357003 2.483013
595 1 -1.645356 -0.558204 2.445652
596 1 -1.645356 -0.75569 2.392015
597 1 -1.645356 -0.948147 2.32246
598 1 -1.645356 -1.134294 2.23745
599 1 -1.645356 -1.312893 2.137549
600 1 -1.645356 -1.482754 2.023424
601 1 -1.645356 -1.642749 1.895833
602 1 -1.645356 -1.79181 1.755625
603 1 -1.645356 -1.928948 1.603734
604 1 -1.645356 -2.053249 1.441171
605 1 -1.645356 -2.163886 1.269017
606 1 -1.645356 -2.260122 1.088417
607 1 -1.645356 -2.341318 0.900575
608 1 -1.645356 -2.406933 0.706739
609 1 -1.645356 -2.45653 0.5082
610 1 -1.645356 -2.489779 0.306279
611 1 -1.645356 -2.506459 0.10232
612 1 -1.645356 -2.506459 -0.10232
613 1 -1.645356 -2.489779 -0.306279
614 1 -1.645356 -2.45653 -0.5082
615 1 -1.645356 -2.406933 -0.706739
616 1 -1.645356 -2.341318 -0.900575
617 1 -1.645356 -2.260122 -1.088417
618 1 -1.645356 -2.163886 -1.269017
619 1 -1.645356 -2.053249 -1.441171
620 1 -1.645356 -1.928948 -1.603734
621 1 -1.645356 -1.79181 -1.755625
622 1 -1.645356 -1.642749 -1.895833
623 1 -1.645356 -1.482754 -2.023424
624 1 -1.645356 -1.312893 -2.137549
625 1 -1.645356 -1.134294 -2.23745
626 1 -1.645356 -0.948147 -2.32246
627 1 -1.645356 -0.75569 -2.392015
628 1 -1.645356 -0.558204 -2.445652
629 1 -1.645356 -0.357003 -2.483013
630 1 -1.645356 -0.153427 -2.50385
631 1 -1.645356 0.051171 -2.508024
632 1 -1.645356 0.255428 -2.495508
633 1 -1.645356 0.457985 -2.466385
634 1 -1.645356 0.657494 -2.420848
635 1 -1.645356 0.852628 -2.359201
636 1 -1.645356 1.042088 -2.281854
637 1 -1.645356 1.224613 -2.189322
638 1 -1.645356 1.398988 -2.082219
639 1 -1.645356 1.564053 -1.961261
640 1 -1.645356 1.71871 -1.82725
641 1 -1.645356 1.861929 -1.681079
642 1 -1.645356 1.992757 -1.523721
643 1 -1.645356 2.110323 -1.356223
644 1 -1.645356 2.213846 -1.179699
645 1 -1.645356 2.302636 -0.995325
646 1 -1.645356 2.376103 -0.804326
647 1 -1.645356 2.433756 -0.607976
648 1 -1.645356 2.475214 -0.407579
649 1 -1.645356 2.500199 -0.20447
650 1 -1.470331 2.614981 0.0
651 1 -1.470331 2.60692 0.205169
652 1 -1.470331 2.582787 0.409073
653 1 -1.470331 2.542729 0.610455
654 1 -1.470331 2.486995 0.808074
655 1 -1.470331 2.415928 1.00071
656 1 -1.470331 2.329965 1.187177
657 1 -1.470331 2.229638 1.366324
658 1 -1.470331 2.115564 1.537048
659 1 -1.470331 1.988447 1.698295
660 1 -1.470331 1.849071 1.849071
661 1 -1.470331 1.698295 1.988447
662 1 -1.470331 1.537048 2.115564
663 1 -1.470331 1.366324 2.229638
664 1 -1.470331 1.187177 2.329965
665 1 -1.470331 1.00071 2.415928
666 1 -1.470331 0.808074 2.486995
667 1 -1.470331 0.610455 2.542729
668 1 -1.470331 0.409073 2.582787
669 1 -1.470331 0.205169 2.60692
670 1 -1.470331 0.0 2.614981
671 1 -1.470331 -0.205169 2.60692
672 1 -1.470331 -0.409073 2.582787
673 1 -1.470331 -0.610455 2.542729
674 1 -1.470331 -0.808074 2.486995
675 1 -1.470331 -1.00071 2.415928
676 1 -1.470331 -1.187177 2.329965
677 1 -1.470331 -1.366324 2.229638
678 1 -1.470331 -1.537048 2.115564
679 1 -1.470331 -1.698295 1.988447
680 1 -1.470331 -1.849071 1.849071
681 1 -1.470331 -1.988447 1.698295
682 1 -1.470331 -2.115564 1.537048
683 1 -1.470331 -2.229638 1.366324
684 1 -1.470331 -2.329965 1.187177
685 1 -1.470331 -2.415928 1.00071
686 1 -1.470331 -2.486995 0.808074
687 1 -1.470331 -2.542729 0.610455
688 1 -1.470331 -2.582787 0.409073
689 1 -1.470331 -2.60692 0.205169
690 1 -1.470331 -2.614981 0.0
691 1 -1.470331 -2.60692 -0.205169
692 1 -1.470331 -2.582787 -0.409073
693 1 -1.470331 -2.542729 -0.610455
694 1 -1.470331 -2.486995 -0.808074
695 1 -1.470331 -2.415928 -1.00071
696 1 -1.470331 -2.329965 -1.187177
697 1 -1.470331 -2.229638 -1.366324
698 1 -1.470331 -2.115564 -1.537048
699 1 -1.470331 -1.988447 -1.698295
700 1 -1.470331 -1.849071 -1.849071
701 1 -1.470331 -1.698295 -1.988447
702 1 -1.470331 -1.537048 -2.115564
703 1 -1.470331 -1.366324 -2.229638
704 1 -1.470331 -1.187177 -2.329965
705 1 -1.470331 -1.00071 -2.415928
706 1 -1.470331 -0.808074 -2.486995
707 1 -1.470331 -0.610455 -2.542729
708 1 -1.470331 -0.409073 -2.582787
709 1 -1.470331 -0.205169 -2.60692
710 1 -1.470331 -0.0 -2.614981
711 1 -1.470331 0.205169 -2.60692
712 1 -1.470331 0.409073 -2.582787
713 1 -1.470331 0.610455 -2.542729
714 1 -1.470331 0.808074 -2.486995
715 1 -1.470331 1.00071 -2.415928
716 1 -1.470331 1.187177 -2.329965
717 1 -1.470331 1.366324 -2.229638
718 1 -1.470331 1.537048 -2.115564
719 1 -1.470331 1.698295 -1.988447
720 1 -1.470331 1.849071 -1.849071
721 1 -1.470331 1.988447 -1.698295
722 1 -1.470331 2.115564 -1.537048
723 1 -1.470331 2.229638 -1.366324
724 1 -1.470331 2.329965 -1.187177
725 1 -1.470331 2.415928 -1.00071
726 1 -1.470331 2.486995 -0.808074
727 1 -1.470331 2.542729 -0.610455
728 1 -1.470331 2.582787 -0.409073
729 1 -1.470331 2.60692 -0.205169
730 1 -1.28845 2.709224 0.0
731 1 -1.28845 2.701465 0.204895
732 1 -1.28845 2.678232 0.408617
733 1 -1.28845 2.639659 0.609998
734 1 -1.28845 2.585966 0.807885
735 1 -1.28845 2.51746 1.001145
736 1 -1.28845 2.434535 1.18867
737 1 -1.28845 2.337665 1.369386
738 1 -1.28845 2.227405 1.542259
739 1 -1.28845 2.104387 1.706298
740 1 -1.28845 1.969315 1.860563
741 1 -1.28845 1.822963 2.004171
742 1 -1.28845 1.666169 2.1363
743 1 -1.28845 1.499831 2.256192
744 1 -1.28845 1.324903 2.363161
745 1 -1.28845 1.142385 2.456593
746 1 -1.28845 0.953325 2.535955
747 1 -1.28845 0.758803 2.600791
748 1 -1.28845 0.559935 2.65073
749 1 -1.28845 0.35786 2.685485
750 1 -1.28845 0.153736 2.704859
751 1 -1.28845 -0.05127 2.708739
752 1 -1.28845 -0.255981 2.697104
753 1 -1.28845 -0.459227 2.67002
754 1 -1.28845 -0.659842 2.627642
755 1 -1.28845 -0.856677 2.570214
756 1 -1.28845 -1.048606 2.498063
757 1 -1.28845 -1.234528 2.411604
758 1 -1.28845 -1.413379 2.311332
759 1 -1.28845 -1.584135 2.19782
760 1 -1.28845 -1.745816 2.07172
761 1 -1.28845 -1.897498 1.933752
762 1 -1.28845 -2.038311 1.784709
763 1 -1.28845 -2.167448 1.625443
764 1 -1.28845 -2.284171 1.456866
765 1 -1.28845 -2.38781 1.279945
766 1 -1.28845 -2.477772 1.095692
767 1 -1.28845 -2.553542 0.905163
768 1 -1.28845 -2.614685 0.70945
769 1 -1.28845 -2.660851 0.509672
770 1 -1.28845 -2.691777 0.306976
771 1 -1.28845 -2.707284 0.102521
772 1 -1.28845 -2.707284 -0.102521
773 1 -1.28845 -2.691777 -0.306976
774 1 -1.28845 -2.660851 -0.509672
775 1 -1.28845 -2.614685 -0.70945
776 1 -1.28845 -2.553542 -0.905163
777 1 -1.28845 -2.477772 -1.095692
778 1 -1.28845 -2.38781 -1.279945
779 1 -1.28845 -2.284171 -1.456866
780 1 -1.28845 -2.167448 -1.625443
781 1 -1.28845 -2.038311 -1.784709
782 1 -1.28845 -1.897498 -1.933752
783 1 -1.28845 -1.745816 -2.07172
784 1 -1.28845 -1.584135 -2.19782
785 1 -1.28845 -1.413379 -2.311332
786 1 -1.28845 -1.234528 -2.411604
787 1 -1.28845 -1.048606 -2.498063
788 1 -1.28845 -0.856677 -2.570214
789 1 -1.28845 -0.659842 -2.627642
790 1 -1.28845 -0.459227 -2.67002
791 1 -1.28845 -0.255981 -2.697104
792 1 -1.28845 -0.05127 -2.708739
793 1 -1.28845 0.153736 -2.704859
794 1 -1.28845 0.35786 -2.685485
795 1 -1.28845 0.559935 -2.65073
796 1 -1.28845 0.758803 -2.600791
797 1 -1.28845 0.953325 -2.535955
798 1 -1.28845 1.142385 -2.456593
799 1 -1.28845 1.324903 -2.363161
800 1 -1.28845 1.499831 -2.256192
801 1 -1.28845 1.666169 -2.1363
802 1 -1.28845 1.822963 -2.004171
803 1 -1.28845 1.969315 -1.860563
804 1 -1.28845 2.104387 -1.706298
805 1 -1.28845 2.227405 -1.542259
806 1 -1.28845 2.337665 -1.369386
807 1 -1.28845 2.434535 -1.18867
808 1 -1.28845 2.51746 -1.001145
809 1 -1.28845 2.585966 -0.807885
810 1 -1.28845 2.639659 -0.609998
811 1 -1.28845 2.678232 -0.408617
812 1 -1.28845 2.701465 -0.204895
813 1 -1.100563 2.790835 0.0
814 1 -1.100563 2.78339 0.203718
815 1 -1.100563 2.761094 0.406349
816 1 -1.100563 2.724067 0.606812
817 1 -1.100563 2.672506 0.804037
818 1 -1.100563 2.606685 0.996973
819 1 -1.100563 2.526957 1.184589
820 1 -1.100563 2.433746 1.365885
821 1 -1.100563 2.327551 1.539893
822 1 -1.100563 2.208936 1.705685
823 1 -1.100563 2.078537 1.862377
824 1 -1.100563 1.937047 2.009132
825 1 -1.100563 1.785222 2.145168
826 1 -1.100563 1.623872 2.269758
827 1 -1.100563 1.453859 2.382238
828 1 -1.100563 1.276088 2.482007
829 1 -1.100563 1.091509 2.568535
830 1 -1.100563 0.901106 2.641358
831 1 -1.100563 0.705895 2.700088
832 1 -1.100563 0.506919 2.744412
833 1 -1.100563 0.305237 2.774093
834 1 -1.100563 0.101927 2.788973
835 1 -1.100563 -0.101927 2.788973
836 1 -1.100563 -0.305237 2.774093
837 1 -1.100563 -0.506919 2.744412
838 1 -1.100563 -0.705895 2.700088
839 1 -1.100563 -0.901106 2.641358
840 1 -1.100563 -1.091509 2.568535
841 1 -1.100563 -1.276088 2.482007
842 1 -1.100563 -1.453859 2.382238
843 1 -1.100563 -1.623872 2.269758
844 1 -1.100563 -1.785222 2.145168
845 1 -1.100563 -1.937047 2.009132
846 1 -1.100563 -2.078537 1.862377
847 1 -1.100563 -2.208936 1.705685
848 1 -1.100563 -2.327551 1.539893
849 1 -1.100563 -2.433746 1.365885
850 1 -1.100563 -2.526957 1.184589
851 1 -1.100563 -2.606685 0.996973
852 1 -1.100563 -2.672506 0.804037
853 1 -1.100563 -2.724067 0.606812
854 1 -1.100563 -2.761094 0.406349
855 1 -1.100563 -2.78339 0.203718
856 1 -1.100563 -2.790835 0.0
857 1 -1.100563 -2.78339 -0.203718
858 1 -1.100563 -2.761094 -0.406349
859 1 -1.100563 -2.724067 -0.606812
860 1 -1.100563 -2.672506 -0.804037
861 1 -1.100563 -2.606685 -0.996973
862 1 -1.100563 -2.526957 -1.184589
863 1 -1.100563 -2.433746 -1.365885
864 1 -1.100563 -2.327551 -1.539893
865 1 -1.100563 -2.208936 -1.705685
866 1 -1.100563 -2.078537 -1.862377
867 1 -1.100563 -1.937047 -2.009132
868 1 -1.100563 -1.785222 -2.145168
869 1 -1.100563 -1.623872 -2.269758
870 1 -1.100563 -1.453859 -2.382238
871 1 -1.100563 -1.276088 -2.482007
872 1 -1.100563 -1.091509 -2.568535
873 1 -1.100563 -0.901106 -2.641358
874 1 -1.100563 -0.705895 -2.700088
875 1 -1.100563 -0.506919 -2.744412
876 1 -1.100563 -0.305237 -2.774093
877 1 -1.100563 -0.101927 -2.788973
878 1 -1.100563 0.101927 -2.788973
879 1 -1.100563 0.305237 -2.774093
880 1 -1.100563 0.506919 -2.744412
881 1 -1.100563 0.705895 -2.700088
882 1 -1.100563 0.901106 -2.641358
883 1 -1.100563 1.091509 -2.568535
884 1 -1.100563 1.276088 -2.482007
885 1 -1.100563 1.453859 -2.382238
886 1 -1.100563 1.623872 -2.269758
887 1 -1.100563 1.785222 -2.145168
888 1 -1.100563 1.937047 -2.009132
889 1 -1.100563 2.078537 -1.862377
890 1 -1.100563 2.208936 -1.705685
891 1 -1.100563 2.327551 -1.539893
892 1 -1.100563 2.433746 -1.365885
893 1 -1.100563 2.526957 -1.184589
894 1 -1.100563 2.606685 -0.996973
895 1 -1.100563 2.672506 -0.804037
896 1 -1.100563 2.724067 -0.606812
897 1 -1.100563 2.761094 -0.406349
898 1 -1.100563 2.78339 -0.203718
899 1 -0.907544 2.859434 0.0
900 1 -0.907544 2.852149 0.20399
901 1 -0.907544 2.830329 0.40694
902 1 -0.907544 2.794087 0.607816
903 1 -0.907544 2.743607 0.805596
904 1 -0.907544 2.679146 0.99927
905 1 -0.907544 2.601033 1.187852
906 1 -0.907544 2.509665 1.370381
907 1 -0.907544 2.405509 1.545927
908 1 -0.907544 2.289095 1.713595
909 1 -0.907544 2.161016 1.872531
910 1 -0.907544 2.021925 2.021925
911 1 -0.907544 1.872531 2.161016
912 1 -0.907544 1.713595 2.289095
913 1 -0.907544 1.545927 2.405509
914 1 -0.907544 1.370381 2.509665
915 1 -0.907544 1.187852 2.601033
916 1 -0.907544 0.99927 2.679146
917 1 -0.907544 0.805596 2.743607
918 1 -0.907544 0.607816 2.794087
919 1 -0.907544 0.40694 2.830329
920 1 -0.907544 0.20399 2.852149
921 1 -0.907544 0.0 2.859434
922 1 -0.907544 -0.20399 2.852149
923 1 -0.907544 -0.40694 2.830329
924 1 -0.907544 -0.607816 2.794087
925 1 -0.907544 -0.805596 2.743607
926 1 -0.907544 -0.99927 2.679146
927 1 -0.907544 -1.187852 2.601033
928 1 -0.907544 -1.370381 2.509665
929 1 -0.907544 -1.545927 2.405509
930 1 -0.907544 -1.713595 2.289095
931 1 -0.907544 -1.872531 2.161016
932 1 -0.907544 -2.021925 2.021925
933 1 -0.907544 -2.161016 1.872531
934 1 -0.907544 -2.289095 1.713595
935 1 -0.907544 -2.405509 1.545927
936 1 -0.907544 -2.509665 1.370381
937 1 -0.907544 -2.601033 1.187852
938 1 -0.907544 -2.679146 0.99927
939 1 -0.907544 -2.743607 0.805596
940 1 -0.907544 -2.794087 0.607816
941 1 -0.907544 -2.830329 0.40694
942 1 -0.907544 -2.852149 0.20399
943 1 -0.907544 -2.859434 0.0
944 1 -0.907544 -2.852149 -0.20399
945 1 -0.907544 -2.830329 -0.40694
946 1 -0.907544 -2.794087 -0.607816
947 1 -0.907544 -2.743607 -0.805596
948 1 -0.907544 -2.679146 -0.99927
949 1 -0.907544 -2.601033 -1.187852
950 1 -0.907544 -2.509665 -1.370381
951 1 -0.907544 -2.405509 -1.545927
952 1 -0.907544 -2.289095 -1.713595
953 1 -0.907544 -2.161016 -1.872531
954 1 -0.907544 -2.021925 -2.021925
955 1 -0.907544 -1.872531 -2.161016
956 1 -0.907544 -1.713595 -2.289095
957 1 -0.907544 -1.545927 -2.405509
958 1 -0.907544 -1.370381 -2.509665
959 1 -0.907544 -1.187852 -2.601033
960 1 -0.907544 -0.99927 -2.679146
961 1 -0.907544 -0.805596 -2.743607
962 1 -0.907544 -0.607816 -2.794087
963 1 -0.907544 -0.40694 -2.830329
964 1 -0.907544 -0.20399 -2.852149
965 1 -0.907544 -0.0 -2.859434
966 1 -0.907544 0.20399 -2.852149
967 1 -0.907544 0.40694 -2.830329
968 1 -0.907544 0.607816 -2.794087
969 1 -0.907544 0.805596 -2.743607
970 1 -0.907544 0.99927 -2.679146
971 1 -0.907544 1.187852 -2.601033
972 1 -0.907544 1.370381 -2.509665
973 1 -0.907544 1.545927 -2.405509
974 1 -0.907544 1.713595 -2.289095
975 1 -0.907544 1.872531 -2.161016
976 1 -0.907544 2.021925 -2.021925
977 1 -0.907544 2.161016 -1.872531
978 1 -0.907544 2.289095 -1.713595
979 1 -0.907544 2.405509 -1.545927
980 1 -0.907544 2.509665 -1.370381
981 1 -0.907544 2.601033 -1.187852
982 1 -0.907544 2.679146 -0.99927
983 1 -0.907544 2.743607 -0.805596
984 1 -0.907544 2.794087 -0.607816
985 1 -0.907544 2.830329 -0.40694
986 1 -0.907544 2.852149 -0.20399
987 1 -0.710293 2.914701 0.0
988 1 -0.710293 2.907441 0.2056
989 1 -0.710293 2.885696 0.410176
990 1 -0.710293 2.849574 0.612708
991 1 -0.710293 2.799256 0.812188
992 1 -0.710293 2.734992 1.007621
993 1 -0.710293 2.657103 1.198035
994 1 -0.710293 2.565976 1.38248
995 1 -0.710293 2.462066 1.560037
996 1 -0.710293 2.345889 1.729823
997 1 -0.710293 2.218026 1.89099
998 1 -0.710293 2.079112 2.042737
999 1 -0.710293 1.929841 2.184307
1000 1 -0.710293 1.770955 2.314995
1001 1 -0.710293 1.603246 2.43415
1002 1 -0.710293 1.42755 2.541178
1003 1 -0.710293 1.244742 2.635546
1004 1 -0.710293 1.055733 2.716783
1005 1 -0.710293 0.861464 2.784486
1006 1 -0.710293 0.662903 2.838317
1007 1 -0.710293 0.46104 2.878007
1008 1 -0.710293 0.25688 2.903359
1009 1 -0.710293 0.05144 2.914247
1010 1 -0.710293 -0.154256 2.910617
1011 1 -0.710293 -0.359184 2.892485
1012 1 -0.710293 -0.562322 2.859944
1013 1 -0.710293 -0.762659 2.813154
1014 1 -0.710293 -0.959196 2.752349
1015 1 -0.710293 -1.150954 2.677833
1016 1 -0.710293 -1.336979 2.589975
1017 1 -0.710293 -1.516343 2.489214
1018 1 -0.710293 -1.688152 2.376053
1019 1 -0.710293 -1.851551 2.251053
1020 1 -0.710293 -2.005726 2.11484
1021 1 -0.710293 -2.149908 1.96809
1022 1 -0.710293 -2.28338 1.811535
1023 1 -0.710293 -2.405476 1.645955
1024 1 -0.710293 -2.515588 1.472176
1025 1 -0.710293 -2.613167 1.291061
1026 1 -0.710293 -2.697728 1.103515
1027 1 -0.710293 -2.768849 0.910472
1028 1 -0.710293 -2.826176 0.712892
1029 1 -0.710293 -2.869422 0.511761
1030 1 -0.710293 -2.898374 0.30808
1031 1 -0.710293 -2.912886 0.102864
1032 1 -0.710293 -2.912886 -0.102864
1033 1 -0.710293 -2.898374 -0.30808
1034 1 -0.710293 -2.869422 -0.511761
1035 1 -0.710293 -2.826176 -0.712892
1036 1 -0.710293 -2.768849 -0.910472
1037 1 -0.710293 -2.697728 -1.103515
1038 1 -0.710293 -2.613167 -1.291061
1039 1 -0.710293 -2.515588 -1.472176
1040 1 -0.710293 -2.405476 -1.645955
1041 1 -0.710293 -2.28338 -1.811535
1042 1 -0.710293 -2.149908 -1.96809
1043 1 -0.710293 -2.005726 -2.11484
1044 1 -0.710293 -1.851551 -2.251053
1045 1 -0.710293 -1.688152 -2.376053
1046 1 -0.710293 -1.516343 -2.489214
1047 1 -0.710293 -1.336979 -2.589975
1048 1 -0.710293 -1.150954 -2.677833
1049 1 -0.710293 -0.959196 -2.752349
1050 1 -0.710293 -0.762659 -2.813154
1051 1 -0.710293 -0.562322 -2.859944
1052 1 -0.710293 -0.359184 -2.892485
1053 1 -0.710293 -0.154256 -2.910617
1054 1 -0.710293 0.05144 -2.914247
1055 1 -0.710293 0.25688 -2.903359
1056 1 -0.710293 0.46104 -2.878007
1057 1 -0.710293 0.662903 -2.838317
1058 1 -0.710293 0.861464 -2.784486
1059 1 -0.710293 1.055733 -2.716783
1060 1 -0.710293 1.244742 -2.635546
1061 1 -0.710293 1.42755 -2.541178
1062 1 -0.710293 1.603246 -2.43415
1063 1 -0.710293 1.770955 -2.314995
1064 1 -0.710293 1.929841 -2.184307
1065 1 -0.710293 2.079112 -2.042737
1066 1 -0.710293 2.218026 -1.89099
1067 1 -0.710293 2.345889 -1.729823
1068 1 -0.710293 2.462066 -1.560037
1069 1 -0.710293 2.565976 -1.38248
1070 1 -0.710293 2.657103 -1.198035
1071 1 -0.710293 2.734992 -1.007621
1072 1 -0.710293 2.799256 -0.812188
1073 1 -0.710293 2.849574 -0.612708
1074 1 -0.710293 2.885696 -0.410176
1075 1 -0.710293 2.907441 -0.2056
1076 1 -0.509731 2.956379 0.0
1077 1 -0.509731 2.949334 0.203964
1078 1 -0.509731 2.928235 0.406956
1079 1 -0.509731 2.893182 0.608009
1080 1 -0.509731 2.844341 0.806164
1081 1 -0.509731 2.781945 1.000477
1082 1 -0.509731 2.706293 1.190023
1083 1 -0.509731 2.617743 1.373898
1084 1 -0.509731 2.516719 1.551225
1085 1 -0.509731 2.403702 1.72116
1086 1 -0.509731 2.279229 1.882893
1087 1 -0.509731 2.143896 2.035654
1088 1 -0.509731 1.998345 2.178713
1089 1 -0.509731 1.843272 2.31139
1090 1 -0.509731 1.679414 2.433052
1091 1 -0.509731 1.507554 2.543119
1092 1 -0.509731 1.328509 2.641068
1093 1 -0.509731 1.143133 2.72643
1094 1 -0.509731 0.95231 2.7988
1095 1 -0.509731 0.756948 2.857832
1096 1 -0.509731 0.55798 2.903245
1097 1 -0.509731 0.356352 2.934823
1098 1 -0.509731 0.153026 2.952415
1099 1 -0.509731 -0.051029 2.955938
1100 1 -0.509731 -0.254841 2.945374
1101 1 -0.509731 -0.457438 2.920775
1102 1 -0.509731 -0.657856 2.882256
1103 1 -0.509731 -0.855139 2.830002
1104 1 -0.509731 -1.048346 2.764262
1105 1 -0.509731 -1.236558 2.685349
1106 1 -0.509731 -1.418877 2.593639
1107 1 -0.509731 -1.594434 2.489569
1108 1 -0.509731 -1.762393 2.373635
1109 1 -0.509731 -1.921954 2.24639
1110 1 -0.509731 -2.072355 2.10844
1111 1 -0.509731 -2.212881 1.960442
1112 1 -0.509731 -2.342862 1.803101
1113 1 -0.509731 -2.461677 1.637168
1114 1 -0.509731 -2.568762 1.463433
1115 1 -0.509731 -2.663605 1.282725
1116 1 -0.509731 -2.745755 1.095903
1117 1 -0.509731 -2.81482 0.903859
1118 1 -0.509731 -2.870472 0.707508
1119 1 -0.509731 -2.912444 0.507785
1120 1 -0.509731 -2.940537 0.305642
1121 1 -0.509731 -2.954617 0.102043
1122 1 -0.509731 -2.954617 -0.102043
1123 1 -0.509731 -2.940537 -0.305642
1124 1 -0.509731 -2.912444 -0.507785
1125 1 -0.509731 -2.870472 -0.707508
1126 1 -0.509731 -2.81482 -0.903859
1127 1 -0.509731 -2.745755 -1.095903
1128 1 -0.509731 -2.663605 -1.282725
1129 1 -0.509731 -2.568762 -1.463433
1130 1 -0.509731 -2.461677 -1.637168
1131 1 -0.509731 -2.342862 -1.803101
1132 1 -0.509731 -2.212881 -1.960442
1133 1 -0.509731 -2.072355 -2.10844
1134 1 -0.509731 -1.921954 -2.24639
1135 1 -0.509731 -1.762393 -2.373635
1136 1 -0.509731 -1.594434 -2.489569
1137 1 -0.509731 -1.418877 -2.593639
1138 1 -0.509731 -1.236558 -2.685349
1139 1 -0.509731 -1.048346 -2.764262
1140 1 -0.509731 -0.855139 -2.830002
1141 1 -0.509731 -0.657856 -2.882256
1142 1 -0.509731 -0.457438 -2.920775
1143 1 -0.509731 -0.254841 -2.945374
1144 1 -0.509731 -0.051029 -2.955938
1145 1 -0.509731 0.153026 -2.952415
1146 1 -0.509731 0.356352 -2.934823
1147 1 -0.509731 0.55798 -2.903245
1148 1 -0.509731 0.756948 -2.857832
1149 1 -0.509731 0.95231 -2.7988
1150 1 -0.509731 1.143133 -2.72643
1151 1 -0.509731 1.328509 -2.641068
1152 1 -0.509731 1.507554 -2.543119
1153 1 -0.509731 1.679414 -2.433052
1154 1 -0.509731 1.843272 -2.31139
1155 1 -0.509731 1.998345 -2.178713
1156 1 -0.509731 2.143896 -2.035654
1157 1 -0.509731 2.279229 -1.882893
1158 1 -0.509731 2.403702 -1.72116
1159 1 -0.509731 2.516719 -1.551225
1160 1 -0.509731 2.617743 -1.373898
1161 1 -0.509731 2.706293 -1.190023
1162 1 -0.509731 2.781945 -1.000477
1163 1 -0.509731 2.844341 -0.806164
1164 1 -0.509731 2.893182 -0.608009
1165 1 -0.509731 2.928235 -0.406956
1166 1 -0.509731 2.949334 -0.203964
1167 1 -0.306792 2.984272 0.0
1168 1 -0.306792 2.977315 0.203654
1169 1 -0.306792 2.956476 0.406358
1170 1 -0.306792 2.921853 0.607168
1171 1 -0.306792 2.873607 0.805147
1172 1 -0.306792 2.811963 0.999372
1173 1 -0.306792 2.737208 1.188937
1174 1 -0.306792 2.649691 1.372959
1175 1 -0.306792 2.54982 1.55058
1176 1 -0.306792 2.43806 1.720971
1177 1 -0.306792 2.314933 1.883338
1178 1 -0.306792 2.181013 2.036924
1179 1 -0.306792 2.036924 2.181013
1180 1 -0.306792 1.883338 2.314933
1181 1 -0.306792 1.720971 2.43806
1182 1 -0.306792 1.55058 2.54982
1183 1 -0.306792 1.372959 2.649691
1184 1 -0.306792 1.188937 2.737208
1185 1 -0.306792 0.999372 2.811963
1186 1 -0.306792 0.805147 2.873607
1187 1 -0.306792 0.607168 2.921853
1188 1 -0.306792 0.406358 2.956476
1189 1 -0.306792 0.203654 2.977315
1190 1 -0.306792 0.0 2.984272
1191 1 -0.306792 -0.203654 2.977315
1192 1 -0.306792 -0.406358 2.956476
1193 1 -0.306792 -0.607168 2.921853
1194 1 -0.306792 -0.805147 2.873607
1195 1 -0.306792 -0.999372 2.811963
1196 1 -0.306792 -1.188937 2.737208
1197 1 -0.306792 -1.372959 2.649691
1198 1 -0.306792 -1.55058 2.54982
1199 1 -0.306792 -1.720971 2.43806
1200 1 -0.306792 -1.883338 2.314933
1201 1 -0.306792 -2.036924 2.181013
1202 1 -0.306792 -2.181013 2.036924
1203 1 -0.306792 -2.314933 1.883338
1204 1 -0.306792 -2.43806 1.720971
1205 1 -0.306792 -2.54982 1.55058
1206 1 -0.306792 -2.649691 1.372959
1207 1 -0.306792 -2.737208 1.188937
1208 1 -0.306792 -2.811963 0.999372
1209 1 -0.306792 -2.873607 0.805147
1210 1 -0.306792 -2.921853 0.607168
1211 1 -0.306792 -2.956476 0.406358
1212 1 -0.306792 -2.977315 0.203654
1213 1 -0.306792 -2.984272 0.0
1214 1 -0.306792 -2.977315 -0.203654
1215 1 -0.306792 -2.956476 -0.406358
1216 1 -0.306792 -2.921853 -0.607168
1217 1 -0.306792 -2.873607 -0.805147
1218 1 -0.306792 -2.811963 -0.999372
1219 1 -0.306792 -2.737208 -1.188937
1220 1 -0.306792 -2.649691 -1.372959
1221 1 -0.306792 -2.54982 -1.55058
1222 1 -0.306792 -2.43806 -1.720971
1223 1 -0.306792 -2.314933 -1.883338
1224 1 -0.306792 -2.181013 -2.036924
1225 1 -0.306792 -2.036924 -2.181013
1226 1 -0.306792 -1.883338 -2.314933
1227 1 -0.306792 -1.720971 -2.43806
1228 1 -0.306792 -1.55058 -2.54982
1229 1 -0.306792 -1.372959 -2.649691
1230 1 -0.306792 -1.188937 -2.737208
1231 1 -0.306792 -0.999372 -2.811963
1232 1 -0.306792 -0.805147 -2.873607
1233 1 -0.306792 -0.607168 -2.921853
1234 1 -0.306792 -0.406358 -2.956476
1235 1 -0.306792 -0.203654 -2.977315
1236 1 -0.306792 -0.0 -2.984272
1237 1 -0.306792 0.203654 -2.977315
1238 1 -0.306792 0.406358 -2.956476
1239 1 -0.306792 0.607168 -2.921853
1240 1 -0.306792 0.805147 -2.873607
1241 1 -0.306792 0.999372 -2.811963
1242 1 -0.306792 1.188937 -2.737208
1243 1 -0.306792 1.372959 -2.649691
1244 1 -0.306792 1.55058 -2.54982
1245 1 -0.306792 1.720971 -2.43806
1246 1 -0.306792 1.883338 -2.314933
1247 1 -0.306792 2.036924 -2.181013
1248 1 -0.306792 2.181013 -2.036924
1249 1 -0.306792 2.314933 -1.883338
1250 1 -0.306792 2.43806 -1.720971
1251 1 -0.306792 2.54982 -1.55058
1252 1 -0.306792 2.649691 -1.372959
1253 1 -0.306792 2.737208 -1.188937
1254 1 -0.306792 2.811963 -0.999372
1255 1 -0.306792 2.873607 -0.805147
1256 1 -0.306792 2.921853 -0.607168
1257 1 -0.306792 2.956476 -0.406358
1258 1 -0.306792 2.977315 -0.203654
1259 1 -0.102423 2.998251 0.0
1260 1 -0.102423 2.991261 0.204608
1261 1 -0.102423 2.970325 0.408262
1262 1 -0.102423 2.93554 0.610012
1263 1 -0.102423 2.887068 0.808918
1264 1 -0.102423 2.825135 1.004053
1265 1 -0.102423 2.75003 1.194506
1266 1 -0.102423 2.662103 1.37939
1267 1 -0.102423 2.561764 1.557843
1268 1 -0.102423 2.449481 1.729032
1269 1 -0.102423 2.325777 1.89216
1270 1 -0.102423 2.19123 2.046466
1271 1 -0.102423 2.046466 2.19123
1272 1 -0.102423 1.89216 2.325777
1273 1 -0.102423 1.729032 2.449481
1274 1 -0.102423 1.557843 2.561764
1275 1 -0.102423 1.37939 2.662103
1276 1 -0.102423 1.194506 2.75003
1277 1 -0.102423 1.004053 2.825135
1278 1 -0.102423 0.808918 2.887068
1279 1 -0.102423 0.610012 2.93554
1280 1 -0.102423 0.408262 2.970325
1281 1 -0.102423 0.204608 2.991261
1282 1 -0.102423 0.0 2.998251
1283 1 -0.102423 -0.204608 2.991261
1284 1 -0.102423 -0.408262 2.970325
1285 1 -0.102423 -0.610012 2.93554
1286 1 -0.102423 -0.808918 2.887068
1287 1 -0.102423 -1.004053 2.825135
1288 1 -0.102423 -1.194506 2.75003
1289 1 -0.102423 -1.37939 2.662103
1290 1 -0.102423 -1.557843 2.561764
1291 1 -0.102423 -1.729032 2.449481
1292 1 -0.102423 -1.89216 2.325777
1293 1 -0.102423 -2.046466 2.19123
1294 1 -0.102423 -2.19123 2.046466
1295 1 -0.102423 -2.325777 1.89216
1296 1 -0.102423 -2.449481 1.729032
1297 1 -0.102423 -2.561764 1.557843
1298 1 -0.102423 -2.662103 1.37939
1299 1 -0.102423 -2.75003 1.194506
1300 1 -0.102423 -2.825135 1.004053
1301 1 -0.102423 -2.887068 0.808918
1302 1 -0.102423 -2.93554 0.610012
1303 1 -0.102423 -2.970325 0.408262
1304 1 -0.102423 -2.991261 0.204608
1305 1 -0.102423 -2.998251 0.0
1306 1 -0.102423 -2.991261 -0.204608
1307 1 -0.102423 -2.970325 -0.408262
1308 1 -0.102423 -2.93554 -0.610012
1309 1 -0.102423 -2.887068 -0.808918
1310 1 -0.102423 -2.825135 -1.004053
1311 1 -0.102423 -2.75003 -1.194506
1312 1 -0.102423 -2.662103 -1.37939
1313 1 -0.102423 -2.561764 -1.557843
1314 1 -0.102423 -2.449481 -1.729032
1315 1 -0.102423 -2.325777 -1.89216
1316 1 -0.102423 -2.19123 -2.046466
1317 1 -0.102423 -2.046466 -2.19123
1318 1 -0.102423 -1.89216 -2.325777
1319 1 -0.102423 -1.729032 -2.449481
1320 1 -0.102423 -1.557843 -2.561764
1321 1 -0.102423 -1.37939 -2.662103
1322 1 -0.102423 -1.194506 -2.75003
1323 1 -0.102423 -1.004053 -2.825135
1324 1 -0.102423 -0.808918 -2.887068
1325 1 -0.102423 -0.610012 -2.93554
1326 1 -0.102423 -0.408262 -2.970325
1327 1 -0.102423 -0.204608 -2.991261
1328 1 -0.102423 -0.0 -2.998251
1329 1 -0.102423 0.204608 -2.991261
1330 1 -0.102423 0.408262 -2.970325
1331 1 -0.102423 0.610012 -2.93554
1332 1 -0.102423 0.808918 -2.887068
1333 1 -0.102423 1.004053 -2.825135
1334 1 -0.102423 1.194506 -2.75003
1335 1 -0.102423 1.37939 -2.662103
1336 1 -0.102423 1.557843 -2.561764
1337 1 -0.102423 1.729032 -2.449481
1338 1 -0.102423 1.89216 -2.325777
1339 1 -0.102423 2.046466 -2.19123
1340 1 -0.102423 2.19123 -2.046466
1341 1 -0.102423 2.325777 -1.89216
1342 1 -0.102423 2.449481 -1.729032
1343 1 -0.102423 2.561764 -1.557843
1344 1 -0.102423 2.662103 -1.37939
1345 1 -0.102423 2.75003 -1.194506
1346 1 -0.102423 2.825135 -1.004053
1347 1 -0.102423 2.887068 -0.808918
1348 1 -0.102423 2.93554 -0.610012
1349 1 -0.102423 2.970325 -0.408262
1350 1 -0.102423 2.991261 -0.204608
1351 1 0.102423 2.998251 0.0
1352 1 0.102423 2.991261 0.204608
1353 1 0.102423 2.970325 0.408262
1354 1 0.102423 2.93554 0.610012
1355 1 0.102423 2.887068 0.808918
1356 1 0.102423 2.825135 1.004053
1357 1 0.102423 2.75003 1.194506
1358 1 0.102423 2.662103 1.37939
1359 1 0.102423 2.561764 1.557843
1360 1 0.102423 2.449481 1.729032
1361 1 0.102423 2.325777 1.89216
1362 1 0.102423 2.19123 2.046466
1363 1 0.102423 2.046466 2.19123
1364 1 0.102423 1.89216 2.325777
1365 1 0.102423 1.729032 2.449481
1366 1 0.102423 1.557843 2.561764
1367 1 0.102423 1.37939 2.662103
1368 1 0.102423 1.194506 2.75003
1369 1 0.102423 1.004053 2.825135
1370 1 0.102423 0.808918 2.887068
1371 1 0.102423 0.610012 2.93554
1372 1 0.102423 0.408262 2.970325
1373 1 0.102423 0.204608 2.991261
1374 1 0.102423 0.0 2.998251
1375 1 0.102423 -0.204608 2.991261
1376 1 0.102423 -0.408262 2.970325
1377 1 0.102423 -0.610012 2.93554
1378 1 0.102423 -0.808918 2.887068
1379 1 0.102423 -1.004053 2.825135
1380 1 0.102423 -1.194506 2.75003
1381 1 0.102423 -1.37939 2.662103
1382 1 0.102423 -1.557843 2.561764
1383 1 0.102423 -1.729032 2.449481
1384 1 0.102423 -1.89216 2.325777
1385 1 0.102423 -2.046466 2.19123
1386 1 0.102423 -2.19123 2.046466
1387 1 0.102423 -2.325777 1.89216
1388 1 0.102423 -2.449481 1.729032
1389 1 0.102423 -2.561764 1.557843
1390 1 0.102423 -2.662103 1.37939
1391 1 0.102423 -2.75003 1.194506
1392 1 0.102423 -2.825135 1.004053
1393 1 0.102423 -2.887068 0.808918
1394 1 0.102423 -2.93554 0.610012
1395 1 0.102423 -2.970325 0.408262
1396 1 0.102423 -2.991261 0.204608
1397 1 0.102423 -2.998251 0.0
1398 1 0.102423 -2.991261 -0.204608
1399 1 0.102423 -2.970325 -0.408262
1400 1 0.102423 -2.93554 -0.610012
1401 1 0.102423 -2.887068 -0.808918
1402 1 0.102423 -2.825135 -1.004053
1403 1 0.102423 -2.75003 -1.194506
1404 1 0.102423 -2.662103 -1.37939
1405 1 0.102423 -2.561764 -1.557843
1406 1 0.102423 -2.449481 -1.729032
1407 1 0.102423 -2.325777 -1.89216
1408 1 0.102423 -2.19123 -2.046466
1409 1 0.102423 -2.046466 -2.19123
1410 1 0.102423 -1.89216 -2.325777
1411 1 0.102423 -1.729032 -2.449481
1412 1 0.102423 -1.557843 -2.561764
1413 1 0.102423 -1.37939 -2.662103
1414 1 0.102423 -1.194506 -2.75003
1415 1 0.102423 -1.004053 -2.825135
1416 1 0.102423 -0.808918 -2.887068
1417 1 0.102423 -0.610012 -2.93554
1418 1 0.102423 -0.408262 -2.970325
1419 1 0.102423 -0.204608 -2.991261
1420 1 0.102423 -0.0 -2.998251
1421 1 0.102423 0.204608 -2.991261
1422 1 0.102423 0.408262 -2.970325
1423 1 0.102423 0.610012 -2.93554
1424 1 0.102423 0.808918 -2.887068
1425 1 0.102423 1.004053 -2.825135
1426 1 0.102423 1.194506 -2.75003
1427 1 0.102423 1.37939 -2.662103
1428 1 0.102423 1.557843 -2.561764
1429 1 0.102423 1.729032 -2.449481
1430 1 0.102423 1.89216 -2.325777
1431 1 0.102423 2.046466 -2.19123
1432 1 0.102423 2.19123 -2.046466
1433 1 0.102423 2.325777 -1.89216
1434 1 0.102423 2.449481 -1.729032
1435 1 0.102423 2.561764 -1.557843
1436 1 0.102423 2.662103 -1.37939
1437 1 0.102423 2.75003 -1.194506
1438 1 0.102423 2.825135 -1.004053
1439 1 0.102423 2.887068 -0.808918
1440 1 0.102423 2.93554 -0.610012
1441 1 0.102423 2.970325 -0.408262
1442 1 0.102423 2.991261 -0.204608
1443 1 0.306792 2.984272 0.0
1444 1 0.306792 2.977315 0.203654
1445 1 0.306792 2.956476 0.406358
1446 1 0.306792 2.921853 0.607168
1447 1 0.306792 2.873607 0.805147
1448 1 0.306792 2.811963 0.999372
1449 1 0.306792 2.737208 1.188937
1450 1 0.306792 2.649691 1.372959
1451 1 0.306792 2.54982 1.55058
1452 1 0.306792 2.43806 1.720971
1453 1 0.306792 2.314933 1.883338
1454 1 0.306792 2.181013 2.036924
1455 1 0.306792 2.036924 2.181013
1456 1 0.306792 1.883338 2.314933
1457 1 0.306792 1.720971 2.43806
1458 1 0.306792 1.55058 2.54982
1459 1 0.306792 1.372959 2.649691
1460 1 0.306792 1.188937 2.737208
1461 1 0.306792 0.999372 2.811963
1462 1 0.306792 0.805147 2.873607
1463 1 0.306792 0.607168 2.921853
1464 1 0.306792 0.406358 2.956476
1465 1 0.306792 0.203654 2.977315
1466 1 0.306792 0.0 2.984272
1467 1 0.306792 -0.203654 2.977315
1468 1 0.306792 -0.406358 2.956476
1469 1 0.306792 -0.607168 2.921853
1470 1 0.306792 -0.805147 2.873607
1471 1 0.306792 -0.999372 2.811963
1472 1 0.306792 -1.188937 2.737208
1473 1 0.306792 -1.372959 2.649691
1474 1 0.306792 -1.55058 2.54982
1475 1 0.306792 -1.720971 2.43806
1476 1 0.306792 -1.883338 2.314933
1477 1 0.306792 -2.036924 2.181013
1478 1 0.306792 -2.181013 2.036924
1479 1 0.306792 -2.314933 1.883338
1480 1 0.306792 -2.43806 1.720971
1481 1 0.306792 -2.54982 1.55058
1482 1 0.306792 -2.649691 1.372959
1483 1 0.306792 -2.737208 1.188937
1484 1 0.306792 -2.811963 0.999372
1485 1 0.306792 -2.873607 0.805147
1486 1 0.306792 -2.921853 0.607168
1487 1 0.306792 -2.956476 0.406358
1488 1 0.306792 -2.977315 0.203654
1489 1 0.306792 -2.984272 0.0
1490 1 0.306792 -2.977315 -0.203654
1491 1 0.306792 -2.956476 -0.406358
1492 1 0.306792 -2.921853 -0.607168
1493 1 0.306792 -2.873607 -0.805147
1494 1 0.306792 -2.811963 -0.999372
1495 1 0.306792 -2.737208 -1.188937
1496 1 0.306792 -2.649691 -1.372959
1497 1 0.306792 -2.54982 -1.55058
1498 1 0.306792 -2.43806 -1.720971
1499 1 0.306792 -2.314933 -1.883338
1500 1 0.306792 -2.181013 -2.036924
1501 1 0.306792 -2.036924 -2.181013
1502 1 0.306792 -1.883338 -2.314933
1503 1 0.306792 -1.720971 -2.43806
1504 1 0.306792 -1.55058 -2.54982
1505 1 0.306792 -1.372959 -2.649691
1506 1 0.306792 -1.188937 -2.737208
1507 1 0.306792 -0.999372 -2.811963
1508 1 0.306792 -0.805147 -2.873607
1509 1 0.306792 -0.607168 -2.921853
1510 1 0.306792 -0.406358 -2.956476
1511 1 0.306792 -0.203654 -2.977315
1512 1 0.306792 -0.0 -2.984272
1513 1 0.306792 0.203654 -2.977315
1514 1 0.306792 0.406358 -2.956476
1515 1 0.306792 0.607168 -2.921853
1516 1 0.306792 0.805147 -2.873607
1517 1 0.306792 0.999372 -2.811963
1518 1 0.306792 1.188937 -2.737208
1519 1 0.306792 1.372959 -2.649691
1520 1 0.306792 1.55058 -2.54982
1521 1 0.306792 1.720971 -2.43806
1522 1 0.306792 1.883338 -2.314933
1523 1 0.306792 2.036924 -2.181013
1524 1 0.306792 2.181013 -2.036924
1525 1 0.306792 2.314933 -1.883338
1526 1 0.306792 2.43806 -1.720971
1527 1 0.306792 2.54982 -1.55058
1528 1 0.306792 2.649691 -1.372959
1529 1 0.306792 2.737208 -1.188937
1530 1 0.306792 2.811963 -0.999372
1531 1 0.306792 2.873607 -0.805147
1532 1 0.306792 2.921853 -0.607168
1533 1 0.306792 2.956476 -0.406358
1534 1 0.306792 2.977315 -0.203654
1535 1 0.509731 2.956379 0.0
1536 1 0.509731 2.949334 0.203964
1537 1 0.509731 2.928235 0.406956
1538 1 0.509731 2.893182 0.608009
1539 1 0.509731 2.844341 0.806164
1540 1 0.509731 2.781945 1.000477
1541 1 0.509731 2.706293 1.190023
1542 1 0.509731 2.617743 1.373898
1543 1 0.509731 2.516719 1.551225
1544 1 0.509731 2.403702 1.72116
1545 1 0.509731 2.279229 1.882893
1546 1 0.509731 2.143896 2.035654
1547 1 0.509731 1.998345 2.178713
1548 1 0.509731 1.843272 2.31139
1549 1 0.509731 1.679414 2.433052
1550 1 0.509731 1.507554 2.543119
1551 1 0.509731 1.328509 2.641068
1552 1 0.509731 1.143133 2.72643
1553 1 0.509731 0.95231 2.7988
1554 1 0.509731 0.756948 2.857832
1555 1 0.509731 0.55798 2.903245
1556 1 0.509731 0.356352 2.934823
1557 1 0.509731 0.153026 2.952415
1558 1 0.509731 -0.051029 2.955938
1559 1 0.509731 -0.254841 2.945374
1560 1 0.509731 -0.457438 2.920775
1561 1 0.509731 -0.657856 2.882256
1562 1 0.509731 -0.855139 2.830002
1563 1 0.509731 -1.048346 2.764262
1564 1 0.509731 -1.236558 2.685349
1565 1 0.509731 -1.418877 2.593639
1566 1 0.509731 -1.594434 2.489569
1567 1 0.509731 -1.762393 2.373635
1568 1 0.509731 -1.921954 2.24639
1569 1 0.509731 -2.072355 2.10844
1570 1 0.509731 -2.212881 1.960442
1571 1 0.509731 -2.342862 1.803101
1572 1 0.509731 -2.461677 1.637168
1573 1 0.509731 -2.568762 1.463433
1574 1 0.509731 -2.663605 1.282725
1575 1 0.509731 -2.745755 1.095903
1576 1 0.509731 -2.81482 0.903859
1577 1 0.509731 -2.870472 0.707508
1578 1 0.509731 -2.912444 0.507785
1579 1 0.509731 -2.940537 0.305642
1580 1 0.509731 -2.954617 0.102043
1581 1 0.509731 -2.954617 -0.102043
1582 1 0.509731 -2.940537 -0.305642
1583 1 0.509731 -2.912444 -0.507785
1584 1 0.509731 -2.870472 -0.707508
1585 1 0.509731 -2.81482 -0.903859
1586 1 0.509731 -2.745755 -1.095903
1587 1 0.509731 -2.663605 -1.282725
1588 1 0.509731 -2.568762 -1.463433
1589 1 0.509731 -2.461677 -1.637168
1590 1 0.509731 -2.342862 -1.803101
1591 1 0.509731 -2.212881 -1.960442
1592 1 0.509731 -2.072355 -2.10844
1593 1 0.509731 -1.921954 -2.24639
1594 1 0.509731 -1.762393 -2.373635
1595 1 0.509731 -1.594434 -2.489569
1596 1 0.509731 -1.418877 -2.593639
1597 1 0.509731 -1.236558 -2.685349
1598 1 0.509731 -1.048346 -2.764262
1599 1 0.509731 -0.855139 -2.830002
1600 1 0.509731 -0.657856 -2.882256
1601 1 0.509731 -0.457438 -2.920775
1602 1 0.509731 -0.254841 -2.945374
1603 1 0.509731 -0.051029 -2.955938
1604 1 0.509731 0.153026 -2.952415
1605 1 0.509731 0.356352 -2.934823
1606 1 0.509731 0.55798 -2.903245
1607 1 0.509731 0.756948 -2.857832
1608 1 0.509731 0.95231 -2.7988
1609 1 0.509731 1.143133 -2.72643
1610 1 0.509731 1.328509 -2.641068
1611 1 0.509731 1.507554 -2.543119
1612 1 0.509731 1.679414 -2.433052
1613 1 0.509731 1.843272 -2.31139
1614 1 0.509731 1.998345 -2.178713
1615 1 0.509731 2.143896 -2.035654
1616 1 0.509731 2.279229 -1.882893
1617 1 0.509731 2.403702 -1.72116
1618 1 0.509731 2.516719 -1.551225
1619 1 0.509731 2.617743 -1.373898
1620 1 0.509731 2.706293 -1.190023
1621 1 0.509731 2.781945 -1.000477
1622 1 0.509731 2.844341 -0.806164
1623 1 0.509731 2.893182 -0.608009
1624 1 0.509731 2.928235 -0.406956
1625 1 0.509731 2.949334 -0.203964
1626 1 0.710293 2.914701 0.0
1627 1 0.710293 2.907441 0.2056
1628 1 0.710293 2.885696 0.410176
1629 1 0.710293 2.849574 0.612708
1630 1 0.710293 2.799256 0.812188
1631 1 0.710293 2.734992 1.007621
1632 1 0.710293 2.657103 1.198035
1633 1 0.710293 2.565976 1.38248
1634 1 0.710293 2.462066 1.560037
1635 1 0.710293 2.345889 1.729823
1636 1 0.710293 2.218026 1.89099
1637 1 0.710293 2.079112 2.042737
1638 1 0.710293 1.929841 2.184307
1639 1 0.710293 1.770955 2.314995
1640 1 0.710293 1.603246 2.43415
1641 1 0.710293 1.42755 2.541178
1642 1 0.710293 1.244742 2.635546
1643 1 0.710293 1.055733 2.716783
1644 1 0.710293 0.861464 2.784486
1645 1 0.710293 0.662903 2.838317
1646 1 0.710293 0.46104 2.878007
1647 1 0.710293 0.25688 2.903359
1648 1 0.710293 0.05144 2.914247
1649 1 0.710293 -0.154256 2.910617
1650 1 0.710293 -0.359184 2.892485
1651 1 0.710293 -0.562322 2.859944
1652 1 0.710293 -0.762659 2.813154
1653 1 0.710293 -0.959196 2.752349
1654 1 0.710293 -1.150954 2.677833
1655 1 0.710293 -1.336979 2.589975
1656 1 0.710293 -1.516343 2.489214
1657 1 0.710293 -1.688152 2.376053
1658 1 0.710293 -1.851551 2.251053
1659 1 0.710293 -2.005726 2.11484
1660 1 0.710293 -2.149908 1.96809
1661 1 0.710293 -2.28338 1.811535
1662 1 0.710293 -2.405476 1.645955
1663 1 0.710293 -2.515588 1.472176
1664 1 0.710293 -2.613167 1.291061
1665 1 0.710293 -2.697728 1.103515
1666 1 0.710293 -2.768849 0.910472
1667 1 0.710293 -2.826176 0.712892
1668 1 0.710293 -2.869422 0.511761
1669 1 0.710293 -2.898374 0.30808
1670 1 0.710293 -2.912886 0.102864
1671 1 0.710293 -2.912886 -0.102864
1672 1 0.710293 -2.898374 -0.30808
1673 1 0.710293 -2.869422 -0.511761
1674 1 0.710293 -2.826176 -0.712892
1675 1 0.710293 -2.768849 -0.910472
1676 1 0.710293 -2.697728 -1.103515
1677 1 0.710293 -2.613167 -1.291061
1678 1 0.710293 -2.515588 -1.472176
1679 1 0.710293 -2.405476 -1.645955
1680 1 0.710293 -2.28338 -1.811535
1681 1 0.710293 -2.149908 -1.96809
1682 1 0.710293 -2.005726 -2.11484
1683 1 0.710293 -1.851551 -2.251053
1684 1 0.710293 -1.688152 -2.376053
1685 1 0.710293 -1.516343 -2.489214
1686 1 0.710293 -1.336979 -2.589975
1687 1 0.710293 -1.150954 -2.677833
1688 1 0.710293 -0.959196 -2.752349
1689 1 0.710293 -0.762659 -2.813154
1690 1 0.710293 -0.562322 -2.859944
1691 1 0.710293 -0.359184 -2.892485
1692 1 0.710293 -0.154256 -2.910617
1693 1 0.710293 0.05144 -2.914247
1694 1 0.710293 0.25688 -2.903359
1695 1 0.710293 0.46104 -2.878007
1696 1 0.710293 0.662903 -2.838317
1697 1 0.710293 0.861464 -2.784486
1698 1 0.710293 1.055733 -2.716783
1699 1 0.710293 1.244742 -2.635546
1700 1 0.710293 1.42755 -2.541178
1701 1 0.710293 1.603246 -2.43415
1702 1 0.710293 1.770955 -2.314995
1703 1 0.710293 1.929841 -2.184307
1704 1 0.710293 2.079112 -2.042737
1705 1 0.710293 2.218026 -1.89099
1706 1 0.710293 2.345889 -1.729823
1707 1 0.710293 2.462066 -1.560037
1708 1 0.710293 2.565976 -1.38248
1709 1 0.710293 2.657103 -1.198035
1710 1 0.710293 2.734992 -1.007621
1711 1 0.710293 2.799256 -0.812188
1712 1 0.710293 2.849574 -0.612708
1713 1 0.710293 2.885696 -0.410176
1714 1 0.710293 2.907441 -0.2056
1715 1 0.907544 2.859434 0.0
1716 1 0.907544 2.852149 0.20399
1717 1 0.907544 2.830329 0.40694
1718 1 0.907544 2.794087 0.607816
1719 1 0.907544 2.743607 0.805596
1720 1 0.907544 2.679146 0.99927
1721 1 0.907544 2.601033 1.187852
1722 1 0.907544 2.509665 1.370381
1723 1 0.907544 2.405509 1.545927
1724 1 0.907544 2.289095 1.713595
1725 1 0.907544 2.161016 1.872531
1726 1 0.907544 2.021925 2.021925
1727 1 0.907544 1.872531 2.161016
1728 1 0.907544 1.713595 2.289095
1729 1 0.907544 1.545927 2.405509
1730 1 0.907544 1.370381 2.509665
1731 1 0.907544 1.187852 2.601033
1732 1 0.907544 0.99927 2.679146
1733 1 0.907544 0.805596 2.743607
1734 1 0.907544 0.607816 2.794087
1735 1 0.907544 0.40694 2.830329
1736 1 0.907544 0.20399 2.852149
1737 1 0.907544 0.0 2.859434
1738 1 0.907544 -0.20399 2.852149
1739 1 0.907544 -0.40694 2.830329
1740 1 0.907544 -0.607816 2.794087
1741 1 0.907544 -0.805596 2.743607
1742 1 0.907544 -0.99927 2.679146
1743 1 0.907544 -1.187852 2.601033
1744 1 0.907544 -1.370381 2.509665
1745 1 0.907544 -1.545927 2.405509
1746 1 0.907544 -1.713595 2.289095
1747 1 0.907544 -1.872531 2.161016
1748 1 0.907544 -2.021925 2.021925
1749 1 0.907544 -2.161016 1.872531
1750 1 0.907544 -2.289095 1.713595
1751 1 0.907544 -2.405509 1.545927
1752 1 0.907544 -2.509665 1.370381
1753 1 0.907544 -2.601033 1.187852
1754 1 0.907544 -2.679146 0.99927
1755 1 0.907544 -2.743607 0.805596
1756 1 0.907544 -2.794087 0.607816
1757 1 0.907544 -2.830329 0.40694
1758 1 0.907544 -2.852149 0.20399
1759 1 0.907544 -2.859434 0.0
1760 1 0.907544 -2.852149 -0.20399
1761 1 0.907544 -2.830329 -0.40694
1762 1 0.907544 -2.794087 -0.607816
1763 1 0.907544 -2.743607 -0.805596
1764 1 0.907544 -2.679146 -0.99927
1765 1 0.907544 -2.601033 -1.187852
1766 1 0.907544 -2.509665 -1.370381
1767 1 0.907544 -2.405509 -1.545927
1768 1 0.907544 -2.289095 -1.713595
1769 1 0.907544 -2.161016 -1.872531
1770 1 0.907544 -2.021925 -2.021925
1771 1 0.907544 -1.872531 -2.161016
1772 1 0.907544 -1.713595 -2.289095
1773 1 0.907544 -1.545927 -2.405509
1774 1 0.907544 -1.370381 -2.509665
1775 1 0.907544 -1.187852 -2.601033
1776 1 0.907544 -0.99927 -2.679146
1777 1 0.907544 -0.805596 -2.743607
1778 1 0.907544 -0.607816 -2.794087
1779 1 0.907544 -0.40694 -2.830329
1780 1 0.907544 -0.20399 -2.852149
1781 1 0.907544 -0.0 -2.859434
1782 1 0.907544 0.20399 -2.852149
1783 1 0.907544 0.40694 -2.830329
1784 1 0.907544 0.607816 -2.794087
1785 1 0.907544 0.805596 -2.743607
1786 1 0.907544 0.99927 -2.679146
1787 1 0.907544 1.187852 -2.601033
1788 1 0.907544 1.370381 -2.509665
1789 1 0.907544 1.545927 -2.405509
1790 1 0.907544 1.713595 -2.289095
1791 1 0.907544 1.872531 -2.161016
1792 1 0.907544 2.021925 -2.021925
1793 1 0.907544 2.161016 -1.872531
1794 1 0.907544 2.289095 -1.713595
1795 1 0.907544 2.405509 -1.545927
1796 1 0.907544 2.509665 -1.370381
1797 1 0.907544 2.601033 -1.187852
1798 1 0.907544 2.679146 -0.99927
1799 1 0.907544 2.743607 -0.805596
1800 1 0.907544 2.794087 -0.607816
1801 1 0.907544 2.830329 -0.40694
1802 1 0.907544 2.852149 -0.20399
1803 1 1.100563 2.790835 0.0
1804 1 1.100563 2.78339 0.203718
1805 1 1.100563 2.761094 0.406349
1806 1 1.100563 2.724067 0.606812
1807 1 1.100563 2.672506 0.804037
1808 1 1.100563 2.606685 0.996973
1809 1 1.100563 2.526957 1.184589
1810 1 1.100563 2.433746 1.365885
1811 1 1.100563 2.327551 1.539893
1812 1 1.100563 2.208936 1.705685
1813 1 1.100563 2.078537 1.862377
1814 1 1.100563 1.937047 2.009132
1815 1 1.100563 1.785222 2.145168
1816 1 1.100563 1.623872 2.269758
1817 1 1.100563 1.453859 2.382238
1818 1 1.100563 1.276088 2.482007
1819 1 1.100563 1.091509 2.568535
1820 1 1.100563 0.901106 2.641358
1821 1 1.100563 0.705895 2.700088
1822 1 1.100563 0.506919 2.744412
1823 1 1.100563 0.305237 2.774093
1824 1 1.100563 0.101927 2.788973
1825 1 1.100563 -0.101927 2.788973
1826 1 1.100563 -0.305237 2.774093
1827 1 1.100563 -0.506919 2.744412
1828 1 1.100563 -0.705895 2.700088
1829 1 1.100563 -0.901106 2.641358
1830 1 1.100563 -1.091509 2.568535
1831 1 1.100563 -1.276088 2.482007
1832 1 1.100563 -1.453859 2.382238
1833 1 1.100563 -1.623872 2.269758
1834 1 1.100563 -1.785222 2.145168
1835 1 1.100563 -1.937047 2.009132
1836 1 1.100563 -2.078537 1.862377
1837 1 1.100563 -2.208936 1.705685
1838 1 1.100563 -2.327551 1.539893
1839 1 1.100563 -2.433746 1.365885
1840 1 1.100563 -2.526957 1.184589
1841 1 1.100563 -2.606685 0.996973
1842 1 1.100563 -2.672506 0.804037
1843 1 1.100563 -2.724067 0.606812
1844 1 1.100563 -2.761094 0.406349
1845 1 1.100563 -2.78339 0.203718
1846 1 1.100563 -2.790835 0.0
1847 1 1.100563 -2.78339 -0.203718
1848 1 1.100563 -2.761094 -0.406349
1849 1 1.100563 -2.724067 -0.606812
1850 1 1.100563 -2.672506 -0.804037
1851 1 1.100563 -2.606685 -0.996973
1852 1 1.100563 -2.526957 -1.184589
1853 1 1.100563 -2.433746 -1.365885
1854 1 1.100563 -2.327551 -1.539893
1855 1 1.100563 -2.208936 -1.705685
1856 1 1.100563 -2.078537 -1.862377
1857 1 1.100563 -1.937047 -2.009132
1858 1 1.100563 -1.785222 -2.145168
1859 1 1.100563 -1.623872 -2.269758
1860 1 1.100563 -1.453859 -2.382238
1861 1 1.100563 -1.276088 -2.482007
1862 1 1.100563 -1.091509 -2.568535
1863 1 1.100563 -0.901106 -2.641358
1864 1 1.100563 -0.705895 -2.700088
1865 1 1.100563 -0.506919 -2.744412
1866 1 1.100563 -0.305237 -2.774093
1867 1 1.100563 -0.101927 -2.788973
1868 1 1.100563 0.101927 -2.788973
1869 1 1.100563 0.305237 -2.774093
1870 1 1.100563 0.506919 -2.744412
1871 1 1.100563 0.705895 -2.700088
1872 1 1.100563 0.901106 -2.641358
1873 1 1.100563 1.091509 -2.568535
1874 1 1.100563 1.276088 -2.482007
1875 1 1.100563 1.453859 -2.382238
1876 1 1.100563 1.623872 -2.269758
1877 1 1.100563 1.785222 -2.145168
1878 1 1.100563 1.937047 -2.009132
1879 1 1.100563 2.078537 -1.862377
1880 1 1.100563 2.208936 -1.705685
1881 1 1.100563 2.327551 -1.539893
1882 1 1.100563 2.433746 -1.365885
1883 1 1.100563 2.526957 -1.184589
1884 1 1.100563 2.606685 -0.996973
1885 1 1.100563 2.672506 -0.804037
1886 1 1.100563 2.724067 -0.606812
1887 1 1.100563 2.761094 -0.406349
1888 1 1.100563 2.78339 -0.203718
1889 1 1.28845 2.709224 0.0
1890 1 1.28845 2.701465 0.204895
1891 1 1.28845 2.678232 0.408617
1892 1 1.28845 2.639659 0.609998
1893 1 1.28845 2.585966 0.807885
1894 1 1.28845 2.51746 1.001145
1895 1 1.28845 2.434535 1.18867
1896 1 1.28845 2.337665 1.369386
1897 1 1.28845 2.227405 1.542259
1898 1 1.28845 2.104387 1.706298
1899 1 1.28845 1.969315 1.860563
1900 1 1.28845 1.822963 2.004171
1901 1 1.28845 1.666169 2.1363
1902 1 1.28845 1.499831 2.256192
1903 1 1.28845 1.324903 2.363161
1904 1 1.28845 1.142385 2.456593
1905 1 1.28845 0.953325 2.535955
1906 1 1.28845 0.758803 2.600791
1907 1 1.28845 0.559935 2.65073
1908 1 1.28845 0.35786 2.685485
1909 1 1.28845 0.153736 2.704859
1910 1 1.28845 -0.05127 2.708739
1911 1 1.28845 -0.255981 2.697104
1912 1 1.28845 -0.459227 2.67002
1913 1 1.28845 -0.659842 2.627642
1914 1 1.28845 -0.856677 2.570214
1915 1 1.28845 -1.048606 2.498063
1916 1 1.28845 -1.234528 2.411604
1917 1 1.28845 -1.413379 2.311332
1918 1 1.28845 -1.584135 2.19782
1919 1 1.28845 -1.745816 2.07172
1920 1 1.28845 -1.897498 1.933752
1921 1 1.28845 -2.038311 1.784709
1922 1 1.28845 -2.167448 1.625443
1923 1 1.28845 -2.284171 1.456866
1924 1 1.28845 -2.38781 1.279945
1925 1 1.28845 -2.477772 1.095692
1926 1 1.28845 -2.553542 0.905163
1927 1 1.28845 -2.614685 0.70945
1928 1 1.28845 -2.660851 0.509672
1929 1 1.28845 -2.691777 0.306976
1930 1 1.28845 -2.707284 0.102521
1931 1 1.28845 -2.707284 -0.102521
1932 1 1.28845 -2.691777 -0.306976
1933 1 1.28845 -2.660851 -0.509672
1934 1 1.28845 -2.614685 -0.70945
1935 1 1.28845 -2.553542 -0.905163
1936 1 1.28845 -2.477772 -1.095692
1937 1 1.28845 -2.38781 -1.279945
1938 1 1.28845 -2.284171 -1.456866
1939 1 1.28845 -2.167448 -1.625443
1940 1 1.28845 -2.038311 -1.784709
1941 1 1.28845 -1.897498 -1.933752
1942 1 1.28845 -1.745816 -2.07172
1943 1 1.28845 -1.584135 -2.19782
1944 1 1.28845 -1.413379 -2.311332
1945 1 1.28845 -1.234528 -2.411604
1946 1 1.28845 -1.048606 -2.498063
1947 1 1.28845 -0.856677 -2.570214
1948 1 1.28845 -0.659842 -2.627642
1949 1 1.28845 -0.459227 -2.67002
1950 1 1.28845 -0.255981 -2.697104
1951 1 1.28845 -0.05127 -2.708739
1952 1 1.28845 0.153736 -2.704859
1953 1 1.28845 0.35786 -2.685485
1954 1 1.28845 0.559935 -2.65073
1955 1 1.28845 0.758803 -2.600791
1956 1 1.28845 0.953325 -2.535955
1957 1 1.28845 1.142385 -2.456593
1958 1 1.28845 1.324903 -2.363161
1959 1 1.28845 1.499831 -2.256192
1960 1 1.28845 1.666169 -2.1363
1961 1 1.28845 1.822963 -2.004171
1962 1 1.28845 1.969315 -1.860563
1963 1 1.28845 2.104387 -1.706298
1964 1 1.28845 2.227405 -1.542259
1965 1 1.28845 2.337665 -1.369386
1966 1 1.28845 2.434535 -1.18867
1967 1 1.28845 2.51746 -1.001145
1968 1 1.28845 2.585966 -0.807885
1969 1 1.28845 2.639659 -0.609998
1970 1 1.28845 2.678232 -0.408617
1971 1 1.28845 2.701465 -0.204895
1972 1 1.470331 2.614981 0.0
1973 1 1.470331 2.60692 0.205169
1974 1 1.470331 2.582787 0.409073
1975 1 1.470331 2.542729 0.610455
1976 1 1.470331 2.486995 0.808074
1977 1 1.470331 2.415928 1.00071
1978 1 1.470331 2.329965 1.187177
1979 1 1.470331 2.229638 1.366324
1980 1 1.470331 2.115564 1.537048
1981 1 1.470331 1.988447 1.698295
1982 1 1.470331 1.849071 1.849071
1983 1 1.470331 1.698295 1.988447
1984 1 1.470331 1.537048 2.115564
1985 1 1.470331 1.366324 2.229638
1986 1 1.470331 1.187177 2.329965
1987 1 1.470331 1.00071 2.415928
1988 1 1.470331 0.808074 2.486995
1989 1 1.470331 0.610455 2.542729
1990 1 1.470331 0.409073 2.582787
1991 1 1.470331 0.205169 2.60692
1992 1 1.470331 0.0 2.614981
1993 1 1.470331 -0.205169 2.60692
1994 1 1.470331 -0.409073 2.582787
1995 1 1.470331 -0.610455 2.542729
1996 1 1.470331 -0.808074 2.486995
1997 1 1.470331 -1.00071 2.415928
1998 1 1.470331 -1.187177 2.329965
1999 1 1.470331 -1.366324 2.229638
2000 1 1.470331 -1.537048 2.115564
2001 1 1.470331 -1.698295 1.988447
2002 1 1.470331 -1.849071 1.849071
2003 1 1.470331 -1.988447 1.698295
2004 1 1.470331 -2.115564 1.537048
2005 1 1.470331 -2.229638 1.366324
2006 1 1.470331 -2.329965 1.187177
2007 1 1.470331 -2.415928 1.00071
2008 1 1.470331 -2.486995 0.808074
2009 1 1.470331 -2.542729 0.610455
2010 1 1.470331 -2.582787 0.409073
2011 1 1.470331 -2.60692 0.205169
2012 1 1.470331 -2.614981 0.0
2013 1 1.470331 -2.60692 -0.205169
2014 1 1.470331 -2.582787 -0.409073
2015 1 1.470331 -2.542729 -0.610455
2016 1 1.470331 -2.486995 -0.808074
2017 1 1.470331 -2.415928 -1.00071
2018 1 1.470331 -2.329965 -1.187177
2019 1 1.470331 -2.229638 -1.366324
2020 1 1.470331 -2.115564 -1.537048
2021 1 1.470331 -1.988447 -1.698295
2022 1 1.470331 -1.849071 -1.849071
2023 1 1.470331 -1.698295 -1.988447
2024 1 1.470331 -1.537048 -2.115564
2025 1 1.470331 -1.366324 -2.229638
2026 1 1.470331 -1.187177 -2.329965
2027 1 1.470331 -1.00071 -2.415928
2028 1 1.470331 -0.808074 -2.486995
2029 1 1.470331 -0.610455 -2.542729
2030 1 1.470331 -0.409073 -2.582787
2031 1 1.470331 -0.205169 -2.60692
2032 1 1.470331 -0.0 -2.614981
2033 1 1.470331 0.205169 -2.60692
2034 1 1.470331 0.409073 -2.582787
2035 1 1.470331 0.610455 -2.542729
2036 1 1.470331 0.808074 -2.486995
2037 1 1.470331 1.00071 -2.415928
2038 1 1.470331 1.187177 -2.329965
2039 1 1.470331 1.366324 -2.229638
2040 1 1.470331 1.537048 -2.115564
2041 1 1.470331 1.698295 -1.988447
2042 1 1.470331 1.849071 -1.849071
2043 1 1.470331 1.988447 -1.698295
2044 1 1.470331 2.115564 -1.537048
2045 1 1.470331 2.229638 -1.366324
2046 1 1.470331 2.329965 -1.187177
2047 1 1.470331 2.415928 -1.00071
2048 1 1.470331 2.486995 -0.808074
2049 1 1.470331 2.542729 -0.610455
2050 1 1.470331 2.582787 -0.409073
2051 1 1.470331 2.60692 -0.205169
2052 1 1.645356 2.508546 0.0
2053 1 1.645356 2.500199 0.20447
2054 1 1.645356 2.475214 0.407579
2055 1 1.645356 2.433756 0.607976
2056 1 1.645356 2.376103 0.804326
2057 1 1.645356 2.302636 0.995325
2058 1 1.645356 2.213846 1.179699
2059 1 1.645356 2.110323 1.356223
2060 1 1.645356 1.992757 1.523721
2061 1 1.645356 1.861929 1.681079
2062 1 1.645356 1.71871 1.82725
2063 1 1.645356 1.564053 1.961261
2064 1 1.645356 1.398988 2.082219
2065 1 1.645356 1.224613 2.189322
2066 1 1.645356 1.042088 2.281854
2067 1 1.645356 0.852628 2.359201
2068 1 1.645356 0.657494 2.420848
2069 1 1.645356 0.457985 2.466385
2070 1 1.645356 0.255428 2.495508
2071 1 1.645356 0.051171 2.508024
2072 1 1.645356 -0.153427 2.50385
2073 1 1.645356 -0.357003 2.483013
2074 1 1.645356 -0.558204 2.445652
2075 1 1.645356 -0.75569 2.392015
2076 1 1.645356 -0.948147 2.32246
2077 1 1.645356 -1.134294 2.23745
2078 1 1.645356 -1.312893 2.137549
2079 1 1.645356 -1.482754 2.023424
2080 1 1.645356 -1.642749 1.895833
2081 1 1.645356 -1.79181 1.755625
2082 1 1.645356 -1.928948 1.603734
2083 1 1.645356 -2.053249 1.441171
2084 1 1.645356 -2.163886 1.269017
2085 1 1.645356 -2.260122 1.088417
2086 1 1.645356 -2.341318 0.900575
2087 1 1.645356 -2.406933 0.706739
2088 1 1.645356 -2.45653 0.5082
2089 1 1.645356 -2.489779 0.306279
2090 1 1.645356 -2.506459 0.10232
2091 1 1.645356 -2.506459 -0.10232
2092 1 1.645356 -2.489779 -0.306279
2093 1 1.645356 -2.45653 -0.5082
2094 1 1.645356 -2.406933 -0.706739
2095 1 1.645356 -2.341318 -0.900575
2096 1 1.645356 -2.260122 -1.088417
2097 1 1.645356 -2.163886 -1.269017
2098 1 1.645356 -2.053249 -1.441171
2099 1 1.645356 -1.928948 -1.603734
2100 1 1.645356 -1.79181 -1.755625
2101 1 1.645356 -1.642749 -1.895833
2102 1 1.645356 -1.482754 -2.023424
2103 1 1.645356 -1.312893 -2.137549
2104 1 1.645356 -1.134294 -2.23745
2105 1 1.645356 -0.948147 -2.32246
2106 1 1.645356 -0.75569 -2.392015
2107 1 1.645356 -0.558204 -2.445652
2108 1 1.645356 -0.357003 -2.483013
2109 1 1.645356 -0.153427 -2.50385
2110 1 1.645356 0.051171 -2.508024
2111 1 1.645356 0.255428 -2.495508
2112 1 1.645356 0.457985 -2.466385
2113 1 1.645356 0.657494 -2.420848
2114 1 1.645356 0.852628 -2.359201
2115 1 1.645356 1.042088 -2.281854
2116 1 1.645356 1.224613 -2.189322
2117 1 1.645356 1.398988 -2.082219
2118 1 1.645356 1.564053 -1.961261
2119 1 1.645356 1.71871 -1.82725
2120 1 1.645356 1.861929 -1.681079
2121 1 1.645356 1.992757 -1.523721
2122 1 1.645356 2.110323 -1.356223
2123 1 1.645356 2.213846 -1.179699
2124 1 1.645356 2.302636 -0.995325
2125 1 1.645356 2.376103 -0.804326
2126 1 1.645356 2.433756 -0.607976
2127 1 1.645356 2.475214 -0.407579
2128 1 1.645356 2.500199 -0.20447
2129 1 1.812709 2.390415 0.0
2130 1 1.812709 2.381566 0.205492
2131 1 1.812709 2.355085 0.409462
2132 1 1.812709 2.311168 0.6104
2133 1 1.812709 2.250139 0.80682
2134 1 1.812709 2.172452 0.997266
2135 1 1.812709 2.07868 1.180329
2136 1 1.812709 1.969518 1.354653
2137 1 1.812709 1.845775 1.518947
2138 1 1.812709 1.708366 1.671996
2139 1 1.812709 1.558309 1.812666
2140 1 1.812709 1.396715 1.939915
2141 1 1.812709 1.22478 2.052803
2142 1 1.812709 1.043778 2.150491
2143 1 1.812709 0.855047 2.232259
2144 1 1.812709 0.659986 2.297499
2145 1 1.812709 0.460039 2.34573
2146 1 1.812709 0.256686 2.376594
2147 1 1.812709 0.051432 2.389862
2148 1 1.812709 -0.154202 2.385436
2149 1 1.812709 -0.358695 2.36335
2150 1 1.812709 -0.560532 2.323766
2151 1 1.812709 -0.758219 2.266978
2152 1 1.812709 -0.950292 2.193406
2153 1 1.812709 -1.13533 2.103595
2154 1 1.812709 -1.311963 1.998209
2155 1 1.812709 -1.478882 1.878029
2156 1 1.812709 -1.634851 1.743946
2157 1 1.812709 -1.778717 1.59695
2158 1 1.812709 -1.909414 1.438131
2159 1 1.812709 -2.025975 1.268665
2160 1 1.812709 -2.127536 1.089806
2161 1 1.812709 -2.213345 0.902879
2162 1 1.812709 -2.282767 0.709267
2163 1 1.812709 -2.335289 0.510404
2164 1 1.812709 -2.370521 0.307762
2165 1 1.812709 -2.388202 0.102841
2166 1 1.812709 -2.388202 -0.102841
2167 1 1.812709 -2.370521 -0.307762
2168 1 1.812709 -2.335289 -0.510404
2169 1 1.812709 -2.282767 -0.709267
2170 1 1.812709 -2.213345 -0.902879
2171 1 1.812709 -2.127536 -1.089806
2172 1 1.812709 -2.025975 -1.268665
2173 1 1.812709 -1.909414 -1.438131
2174 1 1.812709 -1.778717 -1.59695
2175 1 1.812709 -1.634851 -1.743946
2176 1 1.812709 -1.478882 -1.878029
2177 1 1.812709 -1.311963 -1.998209
2178 1 1.812709 -1.13533 -2.103595
2179 1 1.812709 -0.950292 -2.193406
2180 1 1.812709 -0.758219 -2.266978
2181 1 1.812709 -0.560532 -2.323766
2182 1 1.812709 -0.358695 -2.36335
2183 1 1.812709 -0.154202 -2.385436
2184 1 1.812709 0.051432 -2.389862
2185 1 1.812709 0.256686 -2.376594
2186 1 1.812709 0.460039 -2.34573
2187 1 1.812709 0.659986 -2.297499
2188 1 1.812709 0.855047 -2.232259
2189 1 1.812709 1.043778 -2.150491
2190 1 1.812709 1.22478 -2.052803
2191 1 1.812709 1.396715 -1.939915
2192 1 1.812709 1.558309 -1.812666
2193 1 1.812709 1.708366 -1.671996
2194 1 1.812709 1.845775 -1.518947
2195 1 1.812709 1.969518 -1.354653
2196 1 1.812709 2.07868 -1.180329
2197 1 1.812709 2.172452 -0.997266
2198 1 1.812709 2.250139 -0.80682
2199 1 1.812709 2.311168 -0.6104
2200 1 1.812709 2.355085 -0.409462
2201 1 1.812709 2.381566 -0.205492
2202 1 1.971611 2.261139 0.0
2203 1 1.971611 2.251771 0.205616
2204 1 1.971611 2.223744 0.409529
2205 1 1.971611 2.17729 0.610048
2206 1 1.971611 2.112794 0.805512
2207 1 1.971611 2.030792 0.994301
2208 1 1.971611 1.931961 1.174852
2209 1 1.971611 1.817122 1.345667
2210 1 1.971611 1.687225 1.505331
2211 1 1.971611 1.543348 1.652522
2212 1 1.971611 1.386681 1.786019
2213 1 1.971611 1.218525 1.904717
2214 1 1.971611 1.040271 2.007632
2215 1 1.971611 0.853397 2.093911
2216 1 1.971611 0.659452 2.162839
2217 1 1.971611 0.460042 2.213845
2218 1 1.971611 0.256821 2.246507
2219 1 1.971611 0.051471 2.260553
2220 1 1.971611 -0.154306 2.255868
2221 1 1.971611 -0.358803 2.23249
2222 1 1.971611 -0.560328 2.190612
2223 1 1.971611 -0.757209 2.130583
2224 1 1.971611 -0.947816 2.052899
2225 1 1.971611 -1.13057 1.958204
2226 1 1.971611 -1.303954 1.847283
2227 1 1.971611 -1.466534 1.721054
2228 1 1.971611 -1.616962 1.580564
2229 1 1.971611 -1.753991 1.426978
2230 1 1.971611 -1.876486 1.261566
2231 1 1.971611 -1.983432 1.085702
2232 1 1.971611 -2.073942 0.90084
2233 1 1.971611 -2.147267 0.708514
2234 1 1.971611 -2.2028 0.510317
2235 1 1.971611 -2.240079 0.307892
2236 1 1.971611 -2.258796 0.102915
2237 1 1.971611 -2.258796 -0.102915
2238 1 1.971611 -2.240079 -0.307892
2239 1 1.971611 -2.2028 -0.510317
2240 1 1.971611 -2.147267 -0.708514
2241 1 1.971611 -2.073942 -0.90084
2242 1 1.971611 -1.983432 -1.085702
2243 1 1.971611 -1.876486 -1.261566
2244 1 1.971611 -1.753991 -1.426978
2245 1 1.971611 -1.616962 -1.580564
2246 1 1.971611 -1.466534 -1.721054
2247 1 1.971611 -1.303954 -1.847283
2248 1 1.971611 -1.13057 -1.958204
2249 1 1.971611 -0.947816 -2.052899
2250 1 1.971611 -0.757209 -2.130583
2251 1 1.971611 -0.560328 -2.190612
2252 1 1.971611 -0.358803 -2.23249
2253 1 1.971611 -0.154306 -2.255868
2254 1 1.971611 0.051471 -2.260553
2255 1 1.971611 0.256821 -2.246507
2256 1 1.971611 0.460042 -2.213845
2257 1 1.971611 0.659452 -2.162839
2258 1 1.971611 0.853397 -2.093911
2259 1 1.971611 1.040271 -2.007632
2260 1 1.971611 1.218525 -1.904717
2261 1 1.971611 1.386681 -1.786019
2262 1 1.971611 1.543348 -1.652522
2263 1 1.971611 1.687225 -1.505331
2264 1 1.971611 1.817122 -1.345667
2265 1 1.971611 1.931961 -1.174852
2266 1 1.971611 2.030792 -0.994301
2267 1 1.971611 2.112794 -0.805512
2268 1 1.971611 2.17729 -0.610048
2269 1 1.971611 2.223744 -0.409529
2270 1 1.971611 2.251771 -0.205616
2271 1 2.12132 2.12132 0.0
2272 1 2.12132 2.111417 0.204737
2273 1 2.12132 2.0818 0.407562
2274 1 2.12132 2.032746 0.606582
2275 1 2.12132 1.964713 0.799939
2276 1 2.12132 1.878336 0.985827
2277 1 2.12132 1.774421 1.16251
2278 1 2.12132 1.653939 1.328339
2279 1 2.12132 1.518015 1.481766
2280 1 2.12132 1.367917 1.621358
2281 1 2.12132 1.205047 1.745812
2282 1 2.12132 1.030927 1.853966
2283 1 2.12132 0.84718 1.94481
2284 1 2.12132 0.655524 2.017496
2285 1 2.12132 0.457747 2.071344
2286 1 2.12132 0.255697 2.105854
2287 1 2.12132 0.051259 2.120701
2288 1 2.12132 -0.153657 2.115748
2289 1 2.12132 -0.357139 2.091041
2290 1 2.12132 -0.557287 2.04681
2291 1 2.12132 -0.752231 1.983469
2292 1 2.12132 -0.940151 1.901609
2293 1 2.12132 -1.119294 1.801994
2294 1 2.12132 -1.287986 1.685554
2295 1 2.12132 -1.444653 1.553376
2296 1 2.12132 -1.587831 1.406696
2297 1 2.12132 -1.716184 1.246881
2298 1 2.12132 -1.828514 1.075424
2299 1 2.12132 -1.923771 0.893927
2300 1 2.12132 -2.001067 0.704083
2301 1 2.12132 -2.059679 0.507665
2302 1 2.12132 -2.09906 0.306508
2303 1 2.12132 -2.118843 0.102488
2304 1 2.12132 -2.118843 -0.102488
2305 1 2.12132 -2.09906 -0.306508
2306 1 2.12132 -2.059679 -0.507665
2307 1 2.12132 -2.001067 -0.704083
2308 1 2.12132 -1.923771 -0.893927
2309 1 2.12132 -1.828514 -1.075424
2310 1 2.12132 -1.716184 -1.246881
2311 1 2.12132 -1.587831 -1.406696
2312 1 2.12132 -1.444653 -1.553376
2313 1 2.12132 -1.287986 -1.685554
2314 1 2.12132 -1.119294 -1.801994
2315 1 2.12132 -0.940151 -1.901609
2316 1 2.12132 -0.752231 -1.983469
2317 1 2.12132 -0.557287 -2.04681
2318 1 2.12132 -0.357139 -2.091041
2319 1 2.12132 -0.153657 -2.115748
2320 1 2.12132 0.051259 -2.120701
2321 1 2.12132 0.255697 -2.105854
2322 1 2.12132 0.457747 -2.071344
2323 1 2.12132 0.655524 -2.017496
2324 1 2.12132 0.84718 -1.94481
2325 1 2.12132 1.030927 -1.853966
2326 1 2.12132 1.205047 -1.745812
2327 1 2.12132 1.367917 -1.621358
2328 1 2.12132 1.518015 -1.481766
2329 1 2.12132 1.653939 -1.328339
2330 1 2.12132 1.774421 -1.16251
2331 1 2.12132 1.878336 -0.985827
2332 1 2.12132 1.964713 -0.799939
2333 1 2.12132 2.032746 -0.606582
2334 1 2.12132 2.0818 -0.407562
2335 1 2.12132 2.111417 -0.204737
2336 1 2.261139 1.971611 0.0
2337 1 2.261139 1.961161 0.202723
2338 1 2.261139 1.929923 0.403297
2339 1 2.261139 1.878226 0.599596
2340 1 2.261139 1.806621 0.789539
2341 1 2.261139 1.715864 0.971113
2342 1 2.261139 1.606919 1.142393
2343 1 2.261139 1.48094 1.301563
2344 1 2.261139 1.339263 1.446936
2345 1 2.261139 1.183389 1.576972
2346 1 2.261139 1.014971 1.690291
2347 1 2.261139 0.835794 1.785693
2348 1 2.261139 0.647758 1.862165
2349 1 2.261139 0.452855 1.918899
2350 1 2.261139 0.253152 1.955291
2351 1 2.261139 0.050765 1.970957
2352 1 2.261139 -0.15216 1.965731
2353 1 2.261139 -0.353472 1.939667
2354 1 2.261139 -0.551037 1.893042
2355 1 2.261139 -0.742761 1.826351
2356 1 2.261139 -0.926611 1.740299
2357 1 2.261139 -1.100639 1.6358
2358 1 2.261139 -1.263001 1.513962
2359 1 2.261139 -1.411974 1.376074
2360 1 2.261139 -1.545979 1.223601
2361 1 2.261139 -1.663597 1.058156
2362 1 2.261139 -1.763581 0.881495
2363 1 2.261139 -1.84487 0.69549
2364 1 2.261139 -1.906603 0.502112
2365 1 2.261139 -1.948125 0.303412
2366 1 2.261139 -1.968997 0.101496
2367 1 2.261139 -1.968997 -0.101496
2368 1 2.261139 -1.948125 -0.303412
2369 1 2.261139 -1.906603 -0.502112
2370 1 2.261139 -1.84487 -0.69549
2371 1 2.261139 -1.763581 -0.881495
2372 1 2.261139 -1.663597 -1.058156
2373 1 2.261139 -1.545979 -1.223601
2374 1 2.261139 -1.411974 -1.376074
2375 1 2.261139 -1.263001 -1.513962
2376 1 2.261139 -1.100639 -1.6358
2377 1 2.261139 -0.926611 -1.740299
2378 1 2.261139 -0.742761 -1.826351
2379 1 2.261139 -0.551037 -1.893042
2380 1 2.261139 -0.353472 -1.939667
2381 1 2.261139 -0.15216 -1.965731
2382 1 2.261139 0.050765 -1.970957
2383 1 2.261139 0.253152 -1.955291
2384 1 2.261139 0.452855 -1.918899
2385 1 2.261139 0.647758 -1.862165
2386 1 2.261139 0.835794 -1.785693
2387 1 2.261139 1.014971 -1.690291
2388 1 2.261139 1.183389 -1.576972
2389 1 2.261139 1.339263 -1.446936
2390 1 2.261139 1.48094 -1.301563
2391 1 2.261139 1.606919 -1.142393
2392 1 2.261139 1.715864 -0.971113
2393 1 2.261139 1.806621 -0.789539
2394 1 2.261139 1.878226 -0.599596
2395 1 2.261139 1.929923 -0.403297
2396 1 2.261139 1.961161 -0.202723
2397 1 2.390415 1.812709 0.0
2398 1 2.390415 1.801311 0.202959
2399 1 2.390415 1.767261 0.403366
2400 1 2.390415 1.710986 0.5987
2401 1 2.390415 1.633195 0.786505
2402 1 2.390415 1.534865 0.964419
2403 1 2.390415 1.417233 1.130206
2404 1 2.390415 1.281779 1.281779
2405 1 2.390415 1.130206 1.417233
2406 1 2.390415 0.964419 1.534865
2407 1 2.390415 0.786505 1.633195
2408 1 2.390415 0.5987 1.710986
2409 1 2.390415 0.403366 1.767261
2410 1 2.390415 0.202959 1.801311
2411 1 2.390415 0.0 1.812709
2412 1 2.390415 -0.202959 1.801311
2413 1 2.390415 -0.403366 1.767261
2414 1 2.390415 -0.5987 1.710986
2415 1 2.390415 -0.786505 1.633195
2416 1 2.390415 -0.964419 1.534865
2417 1 2.390415 -1.130206 1.417233
2418 1 2.390415 -1.281779 1.281779
2419 1 2.390415 -1.417233 1.130206
2420 1 2.390415 -1.534865 0.964419
2421 1 2.390415 -1.633195 0.786505
2422 1 2.390415 -1.710986 0.5987
2423 1 2.390415 -1.767261 0.403366
2424 1 2.390415 -1.801311 0.202959
2425 1 2.390415 -1.812709 0.0
2426 1 2.390415 -1.801311 -0.202959
2427 1 2.390415 -1.767261 -0.403366
2428 1 2.390415 -1.710986 -0.5987
2429 1 2.390415 -1.633195 -0.786505
2430 1 2.390415 -1.534865 -0.964419
2431 1 2.390415 -1.417233 -1.130206
2432 1 2.390415 -1.281779 -1.281779
2433 1 2.390415 -1.130206 -1.417233
2434 1 2.390415 -0.964419 -1.534865
2435 1 2.390415 -0.786505 -1.633195
2436 1 2.390415 -0.5987 -1.710986
2437 1 2.390415 -0.403366 -1.767261
2438 1 2.390415 -0.202959 -1.801311
2439 1 2.390415 -0.0 -1.812709
2440 1 2.390415 0.202959 -1.801311
2441 1 2.390415 0.403366 -1.767261
2442 1 2.390415 0.5987 -1.710986
2443 1 2.390415 0.786505 -1.633195
2444 1 2.390415 0.964419 -1.534865
2445 1 2.390415 1.130206 -1.417233
2446 1 2.390415 1.281779 -1.281779
2447 1 2.390415 1.417233 -1.130206
2448 1 2.390415 1.534865 -0.964419
2449 1 2.390415 1.633195 -0.786505
2450 1 2.390415 1.710986 -0.5987
2451 1 2.390415 1.767261 -0.403366
2452 1 2.390415 1.801311 -0.202959
2453 1 2.508546 1.645356 0.0
2454 1 2.508546 1.632885 0.202195
2455 1 2.508546 1.595661 0.401325
2456 1 2.508546 1.534248 0.594371
2457 1 2.508546 1.449578 0.778407
2458 1 2.508546 1.342934 0.950643
2459 1 2.508546 1.215932 1.108469
2460 1 2.508546 1.070498 1.249491
2461 1 2.508546 0.908837 1.371572
2462 1 2.508546 0.733398 1.472862
2463 1 2.508546 0.546842 1.551824
2464 1 2.508546 0.351996 1.607263
2465 1 2.508546 0.151814 1.638337
2466 1 2.508546 -0.050669 1.644575
2467 1 2.508546 -0.252384 1.625884
2468 1 2.508546 -0.450273 1.582545
2469 1 2.508546 -0.641336 1.515217
2470 1 2.508546 -0.822678 1.42492
2471 1 2.508546 -0.991548 1.313022
2472 1 2.508546 -1.145388 1.18122
2473 1 2.508546 -1.281865 1.031513
2474 1 2.508546 -1.39891 0.866168
2475 1 2.508546 -1.494748 0.687693
2476 1 2.508546 -1.567928 0.498794
2477 1 2.508546 -1.61734 0.302333
2478 1 2.508546 -1.642235 0.10129
2479 1 2.508546 -1.642235 -0.10129
2480 1 2.508546 -1.61734 -0.302333
2481 1 2.508546 -1.567928 -0.498794
2482 1 2.508546 -1.494748 -0.687693
2483 1 2.508546 -1.39891 -0.866168
2484 1 2.508546 -1.281865 -1.031513
2485 1 2.508546 -1.145388 -1.18122
2486 1 2.508546 -0.991548 -1.313022
2487 1 2.508546 -0.822678 -1.42492
2488 1 2.508546 -0.641336 -1.515217
2489 1 2.508546 -0.450273 -1.582545
2490 1 2.508546 -0.252384 -1.625884
2491 1 2.508546 -0.050669 -1.644575
2492 1 2.508546 0.151814 -1.638337
2493 1 2.508546 0.351996 -1.607263
2494 1 2.508546 0.546842 -1.551824
2495 1 2.508546 0.733398 -1.472862
2496 1 2.508546 0.908837 -1.371572
2497 1 2.508546 1.070498 -1.249491
2498 1 2.508546 1.215932 -1.108469
2499 1 2.508546 1.342934 -0.950643
2500 1 2.508546 1.449578 -0.778407
2501 1 2.508546 1.534248 -0.594371
2502 1 2.508546 1.595661 -0.401325
2503 1 2.508546 1.632885 -0.202195
2504 1 2.614981 1.470331 0.0
2505 1 2.614981 1.456021 0.20463
2506 1 2.614981 1.413373 0.405278
2507 1 2.614981 1.343214 0.598037
2508 1 2.614981 1.246911 0.779157
2509 1 2.614981 1.126339 0.94511
2510 1 2.614981 0.983843 1.092669
2511 1 2.614981 0.822198 1.218959
2512 1 2.614981 0.644551 1.321524
2513 1 2.614981 0.454357 1.398368
2514 1 2.614981 0.25532 1.447993
2515 1 2.614981 0.051314 1.469435
2516 1 2.614981 -0.153691 1.462276
2517 1 2.614981 -0.355705 1.426656
2518 1 2.614981 -0.550796 1.363267
2519 1 2.614981 -0.735165 1.273344
2520 1 2.614981 -0.905226 1.158636
2521 1 2.614981 -1.057667 1.021377
2522 1 2.614981 -1.189522 0.864239
2523 1 2.614981 -1.298225 0.690278
2524 1 2.614981 -1.381659 0.502883
2525 1 2.614981 -1.4382 0.305699
2526 1 2.614981 -1.466749 0.102565
2527 1 2.614981 -1.466749 -0.102565
2528 1 2.614981 -1.4382 -0.305699
2529 1 2.614981 -1.381659 -0.502883
2530 1 2.614981 -1.298225 -0.690278
2531 1 2.614981 -1.189522 -0.864239
2532 1 2.614981 -1.057667 -1.021377
2533 1 2.614981 -0.905226 -1.158636
2534 1 2.614981 -0.735165 -1.273344
2535 1 2.614981 -0.550796 -1.363267
2536 1 2.614981 -0.355705 -1.426656
2537 1 2.614981 -0.153691 -1.462276
2538 1 2.614981 0.051314 -1.469435
2539 1 2.614981 0.25532 -1.447993
2540 1 2.614981 0.454357 -1.398368
2541 1 2.614981 0.644551 -1.321524
2542 1 2.614981 0.822198 -1.218959
2543 1 2.614981 0.983843 -1.092669
2544 1 2.614981 1.126339 -0.94511
2545 1 2.614981 1.246911 -0.779157
2546 1 2.614981 1.343214 -0.598037
2547 1 2.614981 1.413373 -0.405278
2548 1 2.614981 1.456021 -0.20463
2549 1 2.709224 1.28845 0.0
2550 1 2.709224 1.272587 0.201558
2551 1 2.709224 1.225389 0.398153
2552 1 2.709224 1.148018 0.584944
2553 1 2.709224 1.042378 0.757332
2554 1 2.709224 0.911072 0.911072
2555 1 2.709224 0.757332 1.042378
2556 1 2.709224 0.584944 1.148018
2557 1 2.709224 0.398153 1.225389
2558 1 2.709224 0.201558 1.272587
2559 1 2.709224 0.0 1.28845
2560 1 2.709224 -0.201558 1.272587
2561 1 2.709224 -0.398153 1.225389
2562 1 2.709224 -0.584944 1.148018
2563 1 2.709224 -0.757332 1.042378
2564 1 2.709224 -0.911072 0.911072
2565 1 2.709224 -1.042378 0.757332
2566 1 2.709224 -1.148018 0.584944
2567 1 2.709224 -1.225389 0.398153
2568 1 2.709224 -1.272587 0.201558
2569 1 2.709224 -1.28845 0.0
2570 1 2.709224 -1.272587 -0.201558
2571 1 2.709224 -1.225389 -0.398153
2572 1 2.709224 -1.148018 -0.584944
2573 1 2.709224 -1.042378 -0.757332
2574 1 2.709224 -0.911072 -0.911072
2575 1 2.709224 -0.757332 -1.042378
2576 1 2.709224 -0.584944 -1.148018
2577 1 2.709224 -0.398153 -1.225389
2578 1 2.709224 -0.201558 -1.272587
2579 1 2.709224 -0.0 -1.28845
2580 1 2.709224 0.201558 -1.272587
2581 1 2.709224 0.398153 -1.225389
2582 1 2.709224 0.584944 -1.148018
2583 1 2.709224 0.757332 -1.042378
2584 1 2.709224 0.911072 -0.911072
2585 1 2.709224 1.042378 -0.757332
2586 1 2.709224 1.148018 -0.584944
2587 1 2.709224 1.225389 -0.398153
2588 1 2.709224 1.272587 -0.201558
2589 1 2.790835 1.100563 0.0
2590 1 2.790835 1.081823 0.202228
2591 1 2.790835 1.026244 0.397569
2592 1 2.790835 0.935717 0.579372
2593 1 2.790835 0.813326 0.741444
2594 1 2.790835 0.663237 0.878268
2595 1 2.790835 0.490563 0.985183
2596 1 2.790835 0.301183 1.058549
2597 1 2.790835 0.101547 1.095868
2598 1 2.790835 -0.101547 1.095868
2599 1 2.790835 -0.301183 1.058549
2600 1 2.790835 -0.490563 0.985183
2601 1 2.790835 -0.663237 0.878268
2602 1 2.790835 -0.813326 0.741444
2603 1 2.790835 -0.935717 0.579372
2604 1 2.790835 -1.026244 0.397569
2605 1 2.790835 -1.081823 0.202228
2606 1 2.790835 -1.100563 0.0
2607 1 2.790835 -1.081823 -0.202228
2608 1 2.790835 -1.026244 -0.397569
2609 1 2.790835 -0.935717 -0.579372
2610 1 2.790835 -0.813326 -0.741444
2611 1 2.790835 -0.663237 -0.878268
2612 1 2.790835 -0.490563 -0.985183
2613 1 2.790835 -0.301183 -1.058549
2614 1 2.790835 -0.101547 -1.095868
2615 1 2.790835 0.101547 -1.095868
2616 1 2.790835 0.301183 -1.058549
2617 1 2.790835 0.490563 -0.985183
2618 1 2.790835 0.663237 -0.878268
2619 1 2.790835 0.813326 -0.741444
2620 1 2.790835 0.935717 -0.579372
2621 1 2.790835 1.026244 -0.397569
2622 1 2.790835 1.081823 -0.202228
2623 1 2.859434 0.907544 0.0
2624 1 2.859434 0.88479 0.201947
2625 1 2.859434 0.817669 0.393768
2626 1 2.859434 0.709546 0.565844
2627 1 2.859434 0.565844 0.709546
2628 1 2.859434 0.393768 0.817669
2629 1 2.859434 0.201947 0.88479
2630 1 2.859434 0.0 0.907544
2631 1 2.859434 -0.201947 0.88479
2632 1 2.859434 -0.393768 0.817669
2633 1 2.859434 -0.565844 0.709546
2634 1 2.859434 -0.709546 0.565844
2635 1 2.859434 -0.817669 0.393768
2636 1 2.859434 -0.88479 0.201947
2637 1 2.859434 -0.907544 0.0
2638 1 2.859434 -0.88479 -0.201947
2639 1 2.859434 -0.817669 -0.393768
2640 1 2.859434 -0.709546 -0.565844
2641 1 2.859434 -0.565844 -0.709546
2642 1 2.859434 -0.393768 -0.817669
2643 1 2.859434 -0.201947 -0.88479
2644 1 2.859434 -0.0 -0.907544
2645 1 2.859434 0.201947 -0.88479
2646 1 2.859434 0.393768 -0.817669
2647 1 2.859434 0.565844 -0.709546
2648 1 2.859434 0.709546 -0.565844
2649 1 2.859434 0.817669 -0.393768
2650 1 2.859434 0.88479 -0.201947
2651 1 2.914701 0.710293 0.0
2652 1 2.914701 0.681521 0.200113
2653 1 2.914701 0.597537 0.384014
2654 1 2.914701 0.465143 0.536804
2655 1 2.914701 0.295066 0.646105
2656 1 2.914701 0.101085 0.703064
2657 1 2.914701 -0.101085 0.703064
2658 1 2.914701 -0.295066 0.646105
2659 1 2.914701 -0.465143 0.536804
2660 1 2.914701 -0.597537 0.384014
2661 1 2.914701 -0.681521 0.200113
2662 1 2.914701 -0.710293 0.0
2663 1 2.914701 -0.681521 -0.200113
2664 1 2.914701 -0.597537 -0.384014
2665 1 2.914701 -0.465143 -0.536804
2666 1 2.914701 -0.295066 -0.646105
2667 1 2.914701 -0.101085 -0.703064
2668 1 2.914701 0.101085 -0.703064
2669 1 2.914701 0.295066 -0.646105
2670 1 2.914701 0.465143 -0.536804
2671 1 2.914701 0.597537 -0.384014
2672 1 2.914701 0.681521 -0.200113
2673 1 2.956379 0.509731 0.0
2674 1 2.956379 0.47093 0.195066
2675 1 2.956379 0.360434 0.360434
2676 1 2.956379 0.195066 0.47093
2677 1 2.956379 0.0 0.509731
2678 1 2.956379 -0.195066 0.47093
2679 1 2.956379 -0.360434 0.360434
2680 1 2.956379 -0.47093 0.195066
2681 1 2.956379 -0.509731 0.0
2682 1 2.956379 -0.47093 -0.195066
2683 1 2.956379 -0.360434 -0.360434
2684 1 2.956379 -0.195066 -0.47093
2685 1 2.956379 -0.0 -0.509731
2686 1 2.956379 0.195066 -0.47093
2687 1 2.956379 0.360434 -0.360434
2688 1 2.956379 0.47093 -0.195066
2689 1 2.984272 0.306792 0.0
2690 1 2.984272 0.235017 0.197202
2691 1 2.984272 0.053274 0.302132
2692 1 2.984272 -0.153396 0.26569
2693 1 2.984272 -0.288291 0.104929
2694 1 2.984272 -0.288291 -0.104929
2695 1 2.984272 -0.153396 -0.26569
2696 1 2.984272 0.053274 -0.302132
2697 1 2.984272 0.235017 -0.197202
2698 1 2.998251 0.102423 0.0
2699 1 2.998251 -0.051212 0.088701
2700 1 2.998251 -0.051212 -0.088701